Phase Difference (s)
1.9962482174372017e-08
1.9993404233237697e-08
1.9916114113290122e-08
1.9896694889020646e-08
2.0066155450448077e-08
2.0041836207628500e-08
2.0148079537698148e-08
2.0369619515512832e-08
2.0574766921086859e-08
2.0697485764483249e-08
2.0777819757962931e-08
2.0928516863879373e-08
2.0960256223283224e-08
2.0983202666872164e-08
2.1084501249010593e-08
2.1268408583583668e-08
2.1407509166346539e-08
2.1810515843916276e-08
2.2098165283060815e-08
2.2322845116252897e-08
2.2668649130728577e-08
2.2900249148729771e-08
2.2796677257626625e-08
2.2886879032351053e-08
2.2520128756019704e-08
2.4015272071242268e-08
2.5404945831632248e-08
2.5242971396426703e-08
2.5284693633651172e-08
2.4932413885626856e-08
2.4745914734384806e-08
2.4703676770242763e-08
2.4779579776220529e-08
2.4980761110559641e-08
2.5150497476121617e-08
2.5437838981492764e-08
2.5288765754023340e-08
2.5480042629458053e-08
2.5543968160538740e-08
2.5613271523719832e-08
2.5573646569702834e-08
2.5625780541159265e-08
2.5517789959017733e-08
2.5620028307431193e-08
2.5510807922350168e-08
2.5464119249641826e-08
2.5461816612061757e-08
2.5189969000306119e-08
2.5089741871155170e-08
2.5126093118275362e-08
2.4016066160719948e-08
2.3620055607593297e-08
2.3655335841708498e-08
2.3716024094898921e-08
2.3963554435771140e-08
2.4195282931170282e-08
2.4567922671816572e-08
2.4668985313917431e-08
2.4653556631280316e-08
2.4549054586096392e-08
2.4610781461519564e-08
2.4737415799452111e-08
2.4666941920062493e-08
2.4743959181240933e-08
2.4824613404464669e-08
2.4663869059228464e-08
2.4495056764664198e-08
2.4648242717095037e-08
2.4822899062106945e-08
2.4784246826151773e-08
2.4785491902200869e-08
2.4923898769638315e-08
2.4763124186279116e-08
2.4666908745359929e-08
2.4688756787398670e-08
2.4811499484155698e-08
2.4991452209411321e-08
2.4993035805417572e-08
2.5208558415431345e-08
2.5208261571219432e-08
2.5298224026166156e-08
2.5355650435407559e-08
2.5428747318094489e-08
2.5494152016646684e-08
2.5630351982109762e-08
2.5389198132233278e-08
2.5336273904234241e-08
2.5386963320657407e-08
2.5601016671936252e-08
2.5504395084637711e-08
2.5725631186319445e-08
2.5815051782236690e-08
2.5754496354915718e-08
2.5875727294307883e-08
2.5994810097225133e-08
2.5991604543055856e-08
2.6047889818228275e-08
2.6092418810938224e-08
2.6079866900317679e-08
2.6060211524303472e-08
2.6265742738576614e-08
2.6430127297111467e-08
2.6364821574044046e-08
2.6470932142692875e-08
2.6398309113408628e-08
2.6385869722974583e-08
2.6370860097226105e-08
2.6557692904815354e-08
2.6547985629461602e-08
2.6675950140726564e-08
2.6726286306678634e-08
2.6797529687588823e-08
2.6935889053327962e-08
2.6849809055358590e-08
2.6963410642661618e-08
2.6959823590080805e-08
2.7168080163616472e-08
2.7321875038423603e-08
2.7347091291141118e-08
2.7280232916467048e-08
2.7303702005222036e-08
2.7178802517085131e-08
2.7388103447172827e-08
2.7933121179342397e-08
2.7856378589001667e-08
2.7871675336241420e-08
2.7591031406590686e-08
2.7759924870876518e-08
2.7604940237488731e-08
2.7897015991612008e-08
2.7904772998841250e-08
2.7731858155746662e-08
2.7767533910880869e-08
2.8044511255741240e-08
2.7897964147435671e-08
2.7599596322523381e-08
2.7099348136486394e-08
2.6966972338435958e-08
2.6869640528166017e-08
2.6435592960384360e-08
2.6470436195463515e-08
2.6291719012694974e-08
2.6005011874617998e-08
2.5994890053501179e-08
2.5844761852961437e-08
2.6180583415573645e-08
2.6729879243618593e-08
2.6843120328758752e-08
2.6913698810015498e-08
2.7167846083311788e-08
2.7299412111605363e-08
2.7346264302585987e-08
2.7268721018426105e-08
2.7322064911049492e-08
2.7300666966938908e-08
2.7115536915826155e-08
2.7334729625616413e-08
2.7337941412836977e-08
2.7305865547474087e-08
2.7170814167232404e-08
2.7152890931260437e-08
2.7116670885982819e-08
2.7220330033711029e-08
2.7464939746708061e-08
2.7484969179371228e-08
2.7441027918635282e-08
2.7323381022740686e-08
2.7317292337498696e-08
2.7295699428852369e-08
2.7197863626597423e-08
2.7037276506399883e-08
2.7052109208260932e-08
2.7117278440251260e-08
2.7135799261786568e-08
2.7160417404224587e-08
2.7035613226387767e-08
2.6839268400912158e-08
2.6569534464450396e-08
2.6312877393980120e-08
2.6136097815662461e-08
2.5715560358240639e-08
2.5484218406549502e-08
2.5416276695006487e-08
2.5318502065383108e-08
2.5532613287890405e-08
2.5618026321389658e-08
2.5567078245554774e-08
2.5458012073836232e-08
2.5397309131009340e-08
2.5438560961049901e-08
2.5518606459140557e-08
2.5348287091201747e-08
2.5239649665288648e-08
2.4927697429550180e-08
2.4864343337798910e-08
2.4555198048513700e-08
2.4453198769265857e-08
2.4443179718760511e-08
2.4293612435102985e-08
2.4040481105016521e-08
2.3878022048418283e-08
2.3786727395774737e-08
2.3695401980541996e-08
2.3545500894633864e-08
2.3627156739675370e-08
2.3523221193218127e-08
2.3606716547840168e-08
2.3372095777709325e-08
2.3324637154795313e-08
2.3517913380871483e-08
2.3467087125045220e-08
2.3444735096403342e-08
2.3528964613831334e-08
2.3902721516909889e-08
2.4291678165541846e-08
2.3919634218806515e-08
2.3757250579739511e-08
2.3758097526422891e-08
2.3814003836682501e-08
2.3539576507140613e-08
2.3390920548709080e-08
2.3488080572393520e-08
2.3535122992247109e-08
2.3526632223910143e-08
2.3320491386449714e-08
2.2977791825458755e-08
2.2868858099377941e-08
2.2719458290546866e-08
2.2419962254095342e-08
2.2383645556814091e-08
2.2284944336543421e-08
2.2240379056798970e-08
2.2440075170889121e-08
2.2358477507692660e-08
2.2296995251302178e-08
2.2342735131845590e-08
2.2310192663033622e-08
2.2325647020024111e-08
2.2268640187745998e-08
2.2528549534389097e-08
2.2963871395395061e-08
2.3270254225187465e-08
2.3346048406575796e-08
2.3656609325915133e-08
2.3944423317500121e-08
2.4412082540282576e-08
2.4694790225557518e-08
2.5022998963642915e-08
2.5177424555426622e-08
2.5421023840360922e-08
2.5778517792965901e-08
2.6021956272071048e-08
2.6469115176777295e-08
2.6832129185519839e-08
2.6946384393371926e-08
2.7347691642132758e-08
2.7461706309875440e-08
2.8334870506735975e-08
2.9911587032460070e-08
2.9833395706012368e-08
2.9753294814062911e-08
3.0708270332160793e-08
2.8449030644714256e-08
2.3386788895870652e-08
2.4653738788394305e-08
2.4592148736797559e-08
2.5201585997665673e-08
2.4967090681471858e-08
2.5411457686937958e-08
2.5938486133432968e-08
2.6485269761684837e-08
2.6613880909537395e-08
2.7064406646383191e-08
2.6929393983021187e-08
2.7283445151034772e-08
2.7297254586334183e-08
2.7675535285466915e-08
2.8447211188340090e-08
2.8613328343357777e-08
2.7653855016728223e-08
2.9205292006562659e-08
2.9243682841652969e-08
2.9591951371566959e-08
3.0878688770861453e-08
3.0950243784092633e-08
3.1056702510689136e-08
3.1049141995638132e-08
3.1009548382477912e-08
3.1637254002062296e-08
3.1291043263127347e-08
3.1165183997370301e-08
3.1056056791551794e-08
3.1019891094398795e-08
3.1486005667368167e-08
3.1697609001173341e-08
3.2276584335057274e-08
3.2500667307970748e-08
3.2918402577531932e-08
3.3212275182760638e-08
3.3101414314118879e-08
3.3921068769555358e-08
3.6072679146031394e-08
3.6378740629336395e-08
3.6526147024895803e-08
3.6952081963965470e-08
3.7439662682462586e-08
3.7560715275613576e-08
3.7988363043929778e-08
3.8087283723014376e-08
3.8032192904268764e-08
3.8533567787920586e-08
3.8490585780524232e-08
3.8539060729888474e-08
3.8839532780989946e-08
3.7713563319239788e-08
3.7356990161363481e-08
3.7437979163980878e-08
3.7086186401568260e-08
3.7174068414791162e-08
3.7307621709441948e-08
3.7323192809166211e-08
3.8169258066668076e-08
3.7995617364673457e-08
3.8372859726589733e-08
3.7841874001141835e-08
3.8999632306765535e-08
3.7276283278143375e-08
4.8367413718476469e-08
7.8105665493362083e-08
7.5095503853575479e-08
7.7695246420667241e-08
7.6448693108777040e-08
7.7635667150074562e-08
7.6816723464839287e-08
7.7584438081013092e-08
7.8095773956056712e-08
7.8749162186372995e-08
7.8584191314024749e-08
7.8690706591116201e-08
7.9110497701466948e-08
7.9514270074896314e-08
8.2182558845998919e-08
8.4233934936423190e-08
8.5332197631843684e-08
8.6381666013915618e-08
8.5981883286049426e-08
8.6685170133986828e-08
8.7107930494437549e-08
8.7456405878020244e-08
8.7782148027369070e-08
8.7869658230696486e-08
8.8058018028855441e-08
8.7704572513657031e-08
8.7794624928969170e-08
8.7407679756040815e-08
8.7427098806435655e-08
8.8343759659910769e-08
8.8965454110754649e-08
8.9205478949674332e-08
8.9567644837531002e-08
8.9904190545613583e-08
8.9370983460788363e-08
8.9928784587008677e-08
9.0160097969508395e-08
9.0397249729933649e-08
9.0447146359566931e-08
9.0863493720836750e-08
9.1140236545749472e-08
9.1913708091691063e-08
9.2339553656951407e-08
9.2343682868490986e-08
9.2534693553981345e-08
9.2887866987807687e-08
9.3034040180809040e-08
9.3363356888317103e-08
9.3833149826806927e-08
9.4582966563597555e-08
9.5125087122180305e-08
9.5667092674932497e-08
9.6177555835484874e-08
9.6749474661663546e-08
9.7325618545640650e-08
9.7584784053554962e-08
9.7881054252735651e-08
9.8246055279492477e-08
9.8768469793596519e-08
9.9563447205389300e-08
9.9901652160711676e-08
1.0068647805953065e-07
1.0118687760064894e-07
1.0133380440832470e-07
1.0161462552132689e-07
1.0200218661302091e-07
1.0241247337042756e-07
1.0259641485136881e-07
1.0346830691703287e-07
1.0369245474006414e-07
1.0416832493249057e-07
1.0451113109458801e-07
1.0465021547532183e-07
1.0456456175082409e-07
1.0494448838251496e-07
1.0505547118620461e-07
1.0469288689593062e-07
1.0773606129476849e-07
1.1067471298257769e-07
1.1092031863147546e-07
1.1156810563126872e-07
1.1114681849194235e-07
1.1189201927633683e-07
1.0223079186857054e-07
9.8633974641026296e-08
9.5540846095049053e-08
9.6736635578056431e-08
9.6967940036870622e-08
9.7511738878721769e-08
9.7619174829533132e-08
9.8026918340841772e-08
9.8578207908714159e-08
9.8890247912811174e-08
9.9740731450807673e-08
1.0058304439213939e-07
1.0068002714653539e-07
1.0136704321988332e-07
1.0162607173599014e-07
1.0218989992815943e-07
1.0255600034999650e-07
1.0333069527317002e-07
1.0341672206874007e-07
1.0373107000274385e-07
1.0443298728046901e-07
1.0499970880540604e-07
1.0551203373173547e-07
1.0599587303864330e-07
1.0651400016430667e-07
1.0549376395839092e-07
1.0563487649072402e-07
1.0615251454482858e-07
1.0647614092997417e-07
1.0693651218226066e-07
1.0731211751748950e-07
1.0799382560021624e-07
1.0835930955660410e-07
1.0931834326845006e-07
1.1211316243346669e-07
1.1961910920843576e-07
1.1987207627356074e-07
1.2075904431918084e-07
1.2112738268133584e-07
1.2166563050069863e-07
1.2185082532677202e-07
1.2233629617431364e-07
1.2298167656551331e-07
1.2356557740239466e-07
1.2230357960903394e-07
1.2280656093500239e-07
1.2322693651696443e-07
1.2383789789530591e-07
1.2432685998173211e-07
1.2417760937237914e-07
1.2469628193199115e-07
1.2516937568232743e-07
1.2591775837594313e-07
1.2628468033015502e-07
1.2655850187481195e-07
1.2663063619342031e-07
1.2639903159950157e-07
1.2673052363450509e-07
1.2714487500792200e-07
1.2737386784442422e-07
1.2708793732478728e-07
1.2758502070748724e-07
1.2778866228126393e-07
1.2845910298938684e-07
1.2899680223202646e-07
1.2972491348357898e-07
1.3059071265097465e-07
1.3103157807291382e-07
1.3124496172343784e-07
1.3229439681333614e-07
1.3280532853501902e-07
1.3178899912031149e-07
1.3303766771530425e-07
1.3298300645888393e-07
1.3334467333216578e-07
1.3368585455693639e-07
1.3377642676590210e-07
1.3456993674769748e-07
1.3341200762409099e-07
1.3311345286236904e-07
1.3423703921561168e-07
1.3531718994796128e-07
1.3587972048419091e-07
1.3764414974013942e-07
1.3759212602524437e-07
1.3798947938471400e-07
1.3888828392685052e-07
1.3947493677824064e-07
1.4076112924122322e-07
1.4133280428066412e-07
1.4170294068987409e-07
1.4213986099805587e-07
1.4084072194815111e-07
1.4368367629217469e-07
1.4506102769713339e-07
1.4526660561171549e-07
1.4591173984093730e-07
1.4673211294437109e-07
1.4002202683008808e-07
1.3961197522744447e-07
1.4033969536212721e-07
1.4096731438285023e-07
1.4160611897775489e-07
1.4311054143049348e-07
1.4415016060768547e-07
1.4441258320134842e-07
1.4464955042888555e-07
1.4494716140213838e-07
1.4602041197095830e-07
1.4717968926699631e-07
1.4762170706331970e-07
1.4847299484665545e-07
1.4871094909887539e-07
1.4903816220896659e-07
1.4935217205798972e-07
1.4982414160890696e-07
1.5015442631386037e-07
1.5129014487196565e-07
1.5172502338819625e-07
1.5236391424657056e-07
1.5263133521303494e-07
1.5271149127910207e-07
1.5326128804530562e-07
1.5352928049110346e-07
1.5380970862385461e-07
1.5408316915395128e-07
1.5477936751070205e-07
1.5546661459431381e-07
1.5596532610576723e-07
1.5644666572650267e-07
1.5712127800926648e-07
1.5774713844522687e-07
1.5827301365369307e-07
1.5892241468527074e-07
1.5917543887452197e-07
1.5939057544864262e-07
1.5963322191329643e-07
1.6027752115950246e-07
1.6120941309346825e-07
1.6149674907947967e-07
1.6170138051714136e-07
1.6128301803704444e-07
1.6135091561378054e-07
1.6168231039769093e-07
1.6204697650791482e-07
1.6203182594811442e-07
1.6250697838314875e-07
1.6264756770629009e-07
1.6338197479208718e-07
1.6366930200991287e-07
1.6407884380468366e-07
1.6442606716295368e-07
1.6456226718775012e-07
1.6458080328426580e-07
1.6462367631070814e-07
1.6554872330507427e-07
1.6654388259536965e-07
1.6658132676234119e-07
1.6911523164418664e-07
1.7003160695831351e-07
1.7021528561882135e-07
1.7062858037138202e-07
1.7142833173488700e-07
1.7146998027069896e-07
1.7161958040104158e-07
1.7133763045190092e-07
1.7224072147281753e-07
1.7282838659416033e-07
1.7388155665098701e-07
1.7423278059189312e-07
1.7715865939198306e-07
1.7869850652947885e-07
1.8008975416280246e-07
1.8056833613334954e-07
1.8108667985451043e-07
1.8179291906489746e-07
1.8286996959223153e-07
1.8360107127768249e-07
1.8401479847564921e-07
1.8465989982345763e-07
1.8485663475118404e-07
1.8501414901373181e-07
1.8555498287783372e-07
1.8547920240427139e-07
1.8500386530725492e-07
1.8541107635444862e-07
1.8582314364526763e-07
1.8617073220161482e-07
1.8682038689336004e-07
1.8735313309768852e-07
1.8758447490455958e-07
1.8867119290911781e-07
1.8935633345543094e-07
1.8985626479503696e-07
1.9036216099435047e-07
1.9095036307838815e-07
1.9126683222633230e-07
1.9140332777963483e-07
1.9217505822998478e-07
1.9287697100173161e-07
1.9312538406166367e-07
1.9366437603105376e-07
1.9376862968974335e-07
1.9441980700973186e-07
1.9524290029369356e-07
1.9565895471994112e-07
1.9662514802164932e-07
1.9724821620818332e-07
1.9811724553038552e-07
1.9893108676050259e-07
1.9984491251572800e-07
2.0053223118697641e-07
2.0094644700227014e-07
2.0194896237385948e-07
2.0261952798823204e-07
2.0340733033588596e-07
2.0403055109439057e-07
2.0445189579291935e-07
2.0485434812203943e-07
2.0523178201696948e-07
2.0563554084180980e-07
2.0607688525991736e-07
2.0739739146541433e-07
2.0819331817975792e-07
2.0877459827358827e-07
2.0920515318358703e-07
2.1010317616663151e-07
2.0941079733083638e-07
2.1146441820705723e-07
2.0751675664437034e-07
1.9750168736048181e-07
1.9932105756376322e-07
1.9872612899025594e-07
1.9911300808830387e-07
1.9881628867575811e-07
1.9941041154881577e-07
1.9986725648487520e-07
2.0044723346790727e-07
2.0087612458455449e-07
2.0127397839546360e-07
2.0184003948638280e-07
2.0243884391529119e-07
2.0259883005040870e-07
2.0287315869840769e-07
2.0342974840176628e-07
2.0504701535209447e-07
2.0486025062005925e-07
2.0559416886400045e-07
2.0668996837900499e-07
2.0702631253113131e-07
2.0673962868449575e-07
2.0893166536620301e-07
2.0892165339942252e-07
2.0966657570541977e-07
2.0993550064505254e-07
2.1051915121925596e-07
2.1165919940838360e-07
2.1344020264372874e-07
2.1140732286479881e-07
2.1138639569016548e-07
2.1193421404933380e-07
2.1235132476158048e-07
2.1341040094784562e-07
2.1370819219793861e-07
2.1306538607239583e-07
2.1440481072352468e-07
2.1487142385259278e-07
2.1542019170043877e-07
2.1627158070154318e-07
2.1434819140865537e-07
2.1496949045908283e-07
2.1459706475941847e-07
2.1492783891078242e-07
2.1630156149211558e-07
2.1652645892219652e-07
2.1603913116278035e-07
2.1670696767944631e-07
2.1862745353132700e-07
2.1921246428505817e-07
2.2023821054397034e-07
2.2075696806474096e-07
2.2145400983572633e-07
2.2193626687498789e-07
2.2290656951334278e-07
2.2397735216685964e-07
2.2402938131637155e-07
2.2471264050182276e-07
2.2489227173250142e-07
2.2476022850681072e-07
2.2471534777599039e-07
2.2370220995359601e-07
2.2448485092679227e-07
2.2506718550290365e-07
2.2583499789925647e-07
2.2627126819940629e-07
2.2680955242673630e-07
2.2745756600313687e-07
2.2762820393641078e-07
2.2782295051050781e-07
2.2813659285797463e-07
2.2850441649205856e-07
2.2868846938657342e-07
2.2941954125652549e-07
2.3052510435871304e-07
2.3103854335178424e-07
2.3150159391368415e-07
2.3275384017783827e-07
2.3357323996082311e-07
2.3402133694117013e-07
2.3447164638483070e-07
2.3526311498581003e-07
2.3622447444086711e-07
2.3684157104106615e-07
2.3704028778595308e-07
2.3764364956668318e-07
2.3755881069507099e-07
2.3932124903993303e-07
2.3828340913800665e-07
2.4021335618228705e-07
2.3703960918721910e-07
2.4312751869453549e-07
2.1681846839831328e-07
1.9308302601621726e-07
1.9916176586412670e-07
1.9646553542737001e-07
1.9904032530043735e-07
1.9831897009600969e-07
1.9966564808501734e-07
1.9969887717169029e-07
2.0056400248413193e-07
2.0113073674446885e-07
2.0174922873125569e-07
2.0209009296176178e-07
2.0280954781133432e-07
2.0358780858344164e-07
2.0422061987048322e-07
2.0445770630460756e-07
2.0515841275759988e-07
2.0566566732603330e-07
2.0632007550628461e-07
2.0633533707144197e-07
2.0698403750081932e-07
2.0771696715214360e-07
2.0802154810483699e-07
2.0902490919578258e-07
2.0989205171655711e-07
2.1058744379509937e-07
2.1124901295860837e-07
2.1166314430953575e-07
2.1258035352933238e-07
2.1333977123249601e-07
2.1372783159453525e-07
2.1383435684689957e-07
2.1378432585341308e-07
2.1431003878686682e-07
2.1477773956714835e-07
2.1540172647984249e-07
2.1612791373980045e-07
2.1662397176032631e-07
2.1722955452192258e-07
2.1781014499106691e-07
2.1833556454525764e-07
2.1911882823413868e-07
2.1985219087470708e-07
2.2087658776159420e-07
2.2166547694146960e-07
2.2268070193424106e-07
2.2297570942574483e-07
2.2335130376717054e-07
2.2389933741453683e-07
2.2437723276207974e-07
2.2466142709841008e-07
2.2495665617937820e-07
2.2539930298784220e-07
2.2600723414299340e-07
2.2631545228332312e-07
2.2679044802827882e-07
2.2742506244591541e-07
2.2792898420175962e-07
2.2824679497210778e-07
2.2853723302872395e-07
2.2931964710867918e-07
2.3001951727773973e-07
2.3044579815334270e-07
2.3125618207634106e-07
2.3208997062557656e-07
2.3310039749638397e-07
2.3382447524403124e-07
2.3441329085631936e-07
2.3486069739612654e-07
2.3544624977388570e-07
2.3419830996227194e-07
2.3434367379769691e-07
2.3484844616050093e-07
2.3547354566500557e-07
2.3578122537396593e-07
2.3619054878063316e-07
2.3662560986467524e-07
2.3683294174325956e-07
2.3774633954016125e-07
2.3927290018722518e-07
2.4055441712221219e-07
2.4132348054831128e-07
2.4210610926139035e-07
2.4214814880027237e-07
2.4256967139397980e-07
2.4284116122852647e-07
2.4287575064371423e-07
2.4284676508955102e-07
2.4294746277425423e-07
2.4383126288498035e-07
2.4437080331242478e-07
2.4505459922477485e-07
2.4498256576263559e-07
2.4616455174261059e-07
2.4702857661164046e-07
2.4774274804545024e-07
2.4843723992843775e-07
2.4896092761044722e-07
2.4945902278431901e-07
2.5025072591828254e-07
2.5115568023920034e-07
2.5149832356414522e-07
2.5210615810401711e-07
2.5279256980508388e-07
2.5226776463841425e-07
2.5316010406846920e-07
2.5382695009815332e-07
2.5443827845967779e-07
2.5507618112805528e-07
2.5608112491552477e-07
2.5757474875725927e-07
2.5840252453916906e-07
2.5880972726056342e-07
2.5912475949784707e-07
2.5967884012986564e-07
2.6065288715495630e-07
2.6115981626614385e-07
2.6198338570254180e-07
2.6248792853876623e-07
2.6316012319732713e-07
2.6384934024488168e-07
2.6433657586898917e-07
2.6494187722582922e-07
2.6543200188442820e-07
2.6619900076673440e-07
2.6709083917480162e-07
2.6762094955917098e-07
2.6868654334322549e-07
2.6877119207231409e-07
2.6932328694507578e-07
2.6976943864491324e-07
2.7045441662744566e-07
2.7126219697415891e-07
2.7191363846281347e-07
2.7274603547800581e-07
2.7272694971764340e-07
2.7334065998858268e-07
2.7348224490013622e-07
2.7413005483053530e-07
2.7480750401892002e-07
2.7616797737022379e-07
2.7748177934598650e-07
2.7816768262049125e-07
2.7867951813933851e-07
2.7962617146327181e-07
2.8020089692826600e-07
2.8097168513560191e-07
2.8062673638954411e-07
2.8136804676193662e-07
2.7652061049197276e-07
2.7458007042439935e-07
2.7537546246238642e-07
2.7499430521738958e-07
2.7601406153774020e-07
2.7640392343849604e-07
2.7718687744407148e-07
2.7746380640998585e-07
2.7853294452141244e-07
2.7856662825664652e-07
2.8174075081044351e-07
2.8352268757949097e-07
2.8361221604952477e-07
2.8439950919104140e-07
2.8487468824857214e-07
2.8557075200064116e-07
2.8631672582896697e-07
2.8686054595284037e-07
2.8732726953388218e-07
2.8781299281248891e-07
2.8815616039690037e-07
2.8668465863728713e-07
2.8702572872318255e-07
2.8760435732714523e-07
2.8836630176377624e-07
2.8910062803199589e-07
2.8973997483269910e-07
2.9042415899925294e-07
2.9049213376756343e-07
2.9056549856538641e-07
2.9125466912538895e-07
2.9186815400884335e-07
2.9245339210047052e-07
2.9303662540476006e-07
2.9349110753117765e-07
2.9371961879043469e-07
2.9369399849135574e-07
2.9449787081470218e-07
2.9469729936272254e-07
2.9504436776007357e-07
2.9560007189916737e-07
2.9620675504144941e-07
2.9684244665049847e-07
2.9783977244223134e-07
2.9818221846711362e-07
2.9884110705415551e-07
2.9936077170016272e-07
2.9962997496788269e-07
3.0051101854698468e-07
3.0084298190728298e-07
3.0194621579727231e-07
3.0259906421230522e-07
3.0271775545946520e-07
3.0320785317188678e-07
3.0392535298843310e-07
3.0482707421379412e-07
3.0549464049854328e-07
3.0615802021858659e-07
3.0674670016366398e-07
3.0682001334467516e-07
3.0759295215156197e-07
3.0725129816219236e-07
3.0983070951238542e-07
3.1124642783742547e-07
3.1357789322974436e-07
3.0531442546146327e-07
2.9908331314203896e-07
3.0110327355449040e-07
3.0128891829935702e-07
3.0308619268658617e-07
3.0283530801470730e-07
3.0362499218746027e-07
3.0365961072287483e-07
3.0410102037318522e-07
3.0483900635138660e-07
3.0530761801882913e-07
3.0587815246061986e-07
3.0671054855737934e-07
3.0759425964461574e-07
3.0831733655397736e-07
3.0898851097627944e-07
3.0837648283258951e-07
3.0859562021799715e-07
3.0906828832537197e-07
3.0977782112316282e-07
3.1045413700440484e-07
3.1097463911408865e-07
3.1144617859434614e-07
3.1195959283099009e-07
3.1259473353707356e-07
3.1298058346518624e-07
3.1349148156547073e-07
3.1376471678942352e-07
3.1414926419103824e-07
3.1463809712516193e-07
3.1567491594959605e-07
3.1672603543034628e-07
3.1644970755598909e-07
3.1645720037317579e-07
3.1635793540443201e-07
3.1606072328073643e-07
3.1655993919249122e-07
3.1716959046524621e-07
3.1809304761055697e-07
3.1908625393165084e-07
3.1974877200052525e-07
3.2028781773909865e-07
3.2089118253036005e-07
3.2114769387789235e-07
3.2167707644048041e-07
3.2206554705996286e-07
3.2268710059744267e-07
3.2333673966933603e-07
3.2364594662722178e-07
3.2389102716706252e-07
3.2423610125869772e-07
3.2479834799755524e-07
3.2541957647209504e-07
3.2646505069860152e-07
3.2709545012361961e-07
3.2751902961405689e-07
3.2825166389135012e-07
3.2867078417393766e-07
3.2887124524604208e-07
3.2904070634757659e-07
3.2990488205154152e-07
3.3082959680570501e-07
3.3145546093612819e-07
3.3190372683654368e-07
3.3242742912887089e-07
3.3329421662862035e-07
3.3436585189769164e-07
3.3378924374435252e-07
3.3375921324886061e-07
3.3444907676296484e-07
3.3481903989633369e-07
3.3565065546083750e-07
3.3619830562161196e-07
3.3536721800639175e-07
3.3461442697892113e-07
3.3547183828449266e-07
3.3640636012550462e-07
3.3745449538056724e-07

