Phase Difference (s)
-3.1125671674149871e-09
-3.2916371610124262e-09
-3.4241710499339791e-09
-3.5235361010422066e-09
-3.6352616945480247e-09
-3.9326498933159477e-09
-4.0491167303802771e-09
-4.0777914254565295e-09
-4.2411774282877390e-09
-4.3125837662931858e-09
-4.5012728465420635e-09
-4.6636784983124032e-09
-4.8467363338576570e-09
-5.1439474353797409e-09
-5.1990653244689902e-09
-5.4553752668336279e-09
-5.8358952070749856e-09
-6.1311727455132500e-09
-6.1167508915409627e-09
-5.9127862348378698e-09
-6.0299978679024311e-09
-5.9921134571256495e-09
-6.0676889528315892e-09
-6.1472477847891386e-09
-6.3501994589749598e-09
-6.3014805943186264e-09
-6.4226088832250982e-09
-6.6905655439755127e-09
-6.6627133618321613e-09
-6.9282116495254354e-09
-6.8704439284460255e-09
-6.9512861682569472e-09
-6.9014806564280572e-09
-6.6993755374452048e-09
-6.2635940067732273e-09
-6.3894837149035527e-09
-6.4926824437418107e-09
-6.4614821587941051e-09
-6.3596666944542702e-09
-6.1853317086667364e-09
-6.1865128448389841e-09
-6.3187841569214429e-09
-6.4475430053948645e-09
-6.6512479908567723e-09
-6.6335663761014145e-09
-6.7274494868576136e-09
-6.8636765295691316e-09
-6.9571650666752915e-09
-6.9247690307072075e-09
-6.9330874013270604e-09
-7.1783266916770639e-09
-7.3675033044036274e-09
-7.6364353982618366e-09
-7.3927479119342627e-09
-7.2386820178352108e-09
-7.4714368427215872e-09
-7.8305427910860426e-09
-8.0488917428101652e-09
-8.2255977635580994e-09
-8.1638927480262685e-09
-8.3103294856137298e-09
-8.4501810235891341e-09
-8.5438504100874615e-09
-8.6389711985315604e-09
-8.7211074399538082e-09
-8.7469846820164125e-09
-8.8923590372043487e-09
-8.9380280844253515e-09
-9.0189156838248380e-09
-8.9981943022259658e-09
-9.1458474784272312e-09
-9.5404315506037963e-09
-9.9455769204477849e-09
-9.9873120580585240e-09
-1.0185449030756603e-08
-1.0346124281403177e-08
-1.0252617209429587e-08
-1.0255031276994264e-08
-1.0162547910372937e-08
-1.0154079711926987e-08
-1.0375582067671643e-08
-1.0334580834679415e-08
-1.0258153679000484e-08
-1.0068595656383710e-08
-9.9588634340068917e-09
-9.9609143454979395e-09
-9.9638030827855104e-09
-9.7664923467902284e-09
-9.6921982141847747e-09
-9.7324999811976351e-09
-9.7939747712175377e-09
-9.7041741400196429e-09
-9.7952858927907449e-09
-9.8050290333467062e-09
-9.9918545462592645e-09
-1.0366251121370539e-08
-1.0451505898795304e-08
-9.8745760184449096e-09
-1.0409465143799892e-08
-1.0628581482848151e-08
-1.0610754456148768e-08
-1.0941797730801119e-08
-1.1016150374071232e-08
-1.1091423261920965e-08
-1.1148031974528775e-08
-1.0949822928134023e-08
-1.1058095454785746e-08
-1.1451022802798541e-08
-1.1512392418101705e-08
-1.1662223816825040e-08
-1.1680015079575805e-08
-1.1830746826196814e-08
-1.1991247523328853e-08
-1.2338509595039546e-08
-1.2386201834113609e-08
-1.2345378007060774e-08
-1.2449071612102886e-08
-1.2544816468579333e-08
-1.2714337385737018e-08
-1.2691273829228575e-08
-1.2516241171898776e-08
-1.2371087806018275e-08
-1.2250743317010929e-08
-1.1851659532814020e-08
-1.1936116052661617e-08
-1.1615364270094410e-08
-1.1542919329409087e-08
-1.1596240192501064e-08
-1.1517773613580077e-08
-1.1554688137023087e-08
-1.1523404654900983e-08
-1.1792380276888871e-08
-1.1856333059804812e-08
-1.2099504240936942e-08
-1.2220153719400058e-08
-1.2348331948796078e-08
-1.2262049834033112e-08
-1.2466432243943579e-08
-1.2722242405043007e-08
-1.2931338278685780e-08
-1.3192664829084802e-08
-1.3354664051045380e-08
-1.3329056657131775e-08
-1.3434240767077664e-08
-1.3307596472672811e-08
-1.3133439948057475e-08
-1.3329219500442064e-08
-1.3355120592016013e-08
-1.3361969147264701e-08
-1.3565214746868494e-08
-1.3743820485724518e-08
-1.3460865488976914e-08
-1.3818881716054932e-08
-1.3713228572771185e-08
-1.3564693137770796e-08
-1.3379319338979453e-08
-1.3541641349365821e-08
-1.3143801936161961e-08
-1.2886396093098740e-08
-1.2936223739678040e-08
-1.2943332226305434e-08
-1.2862940925856162e-08
-1.2891241268361733e-08
-1.2728124957704411e-08
-1.3188478004769306e-08
-1.5169223452118801e-08
-1.5249292165021814e-08
-1.5623253988273062e-08
-1.5477112833520525e-08
-1.5164736515852676e-08
-1.5019121393939776e-08
-1.4892649966431805e-08
-1.4769178474776028e-08
-1.4793392161346700e-08
-1.5161987803676295e-08
-1.5306059824452823e-08
-1.5422129593183601e-08
-1.5428454208275148e-08
-1.5539430514991948e-08
-1.5371395036303606e-08
-1.5496764238217598e-08
-1.5560829862706291e-08
-1.5921776193518176e-08
-1.5841221552157674e-08
-1.5859817857136918e-08
-1.5866473068855093e-08
-1.5939499728700984e-08
-1.5952651513990708e-08
-1.5706104981017832e-08
-1.5650683886954954e-08
-1.5797962339887112e-08
-1.5632216531467871e-08
-1.5458601210166051e-08
-1.5565412612943295e-08
-1.5653129088696125e-08
-1.5742953889668254e-08
-1.5847264956258959e-08
-1.6010797850111642e-08
-1.6050065923584363e-08
-1.6124403081865174e-08
-1.6194988310972255e-08
-1.5909157972928385e-08
-1.6074408348947885e-08
-1.5835349699184555e-08
-1.5894789967317105e-08
-1.5742147302490471e-08
-1.5805913292209401e-08
-1.5827054343454037e-08
-1.5826028977571618e-08
-1.6170177402150046e-08
-1.5821530610337935e-08
-1.5431140846692903e-08
-1.5400638152382439e-08
-1.5204475767758056e-08
-1.5068228057735158e-08
-1.4850000281965275e-08
-1.4541147431084516e-08
-1.5110105304520625e-08
-1.5265935176994825e-08
-1.5528906674038693e-08
-1.5649640000443245e-08
-1.5784533585210486e-08
-1.5850356091844716e-08
-1.5859236906806586e-08
-1.5606464880052482e-08
-1.5595631741739067e-08
-1.4769434356234919e-08
-1.3492028957563425e-08
-1.3447345341206714e-08
-1.3413717094584746e-08
-1.3299557475683452e-08
-1.3004421730892465e-08
-1.2744517421802996e-08
-1.2587107546199202e-08
-1.2400794933298513e-08
-1.2185487347760692e-08
-1.2148846230561899e-08
-1.1918648423587086e-08
-1.1856518939458258e-08
-1.1939055162529375e-08
-1.1979627075813423e-08
-1.1820943193780719e-08
-1.1554080599503221e-08
-1.1410748620423643e-08
-1.1226608677858239e-08
-1.1216000846266036e-08
-1.1070878863389348e-08
-1.1086046107964345e-08
-1.1191084715329721e-08
-1.1626204750657072e-08
-1.1550807894126452e-08
-1.1622268416244472e-08
-1.1290280207383180e-08
-1.1220533853336148e-08
-1.1381498030527939e-08
-1.1721703554862099e-08
-1.1641765458057832e-08
-1.1581724462306416e-08
-1.1707818903944986e-08
-1.1730705938530005e-08
-1.1732144212168401e-08
-1.1659302617287052e-08
-1.1873604727491572e-08
-1.2057266150397802e-08
-1.2239290580458142e-08
-1.2301155212660094e-08
-1.2166465122797823e-08
-1.2137697679792168e-08
-1.2349335955431047e-08
-1.2558263917029475e-08
-1.2639203727972453e-08
-1.2801407386256608e-08
-1.2166363625156690e-08
-1.2001259841395107e-08
-1.1905144774938083e-08
-1.2007574486169394e-08
-1.1890002841813808e-08
-1.1739028968117018e-08
-1.1874809525161705e-08
-1.1998285704673310e-08
-1.1848684130545286e-08
-1.1405290780216608e-08
-1.1160960846800197e-08
-1.0580733104581178e-08
-1.0270176895395983e-08
-1.0337047647898120e-08
-1.0499328517840698e-08
-1.0540866657101062e-08
-1.0561889758368920e-08
-1.0835814716077555e-08
-1.0930713173928352e-08
-1.0869977009979133e-08
-1.0678076427649745e-08
-1.0648193507852220e-08
-1.0690429656486066e-08
-1.0671014961406590e-08
-1.0808963276497092e-08
-1.0819521918408418e-08
-1.1057995991272900e-08
-1.1224914396276951e-08
-1.1101478457443563e-08
-1.1004775167978030e-08
-1.0890886110844280e-08
-1.0818259670880450e-08
-1.0909656722078186e-08
-1.0935245699952851e-08
-1.1044393331555417e-08
-1.1032293922894852e-08
-1.1205450019945999e-08
-1.0850127908828675e-08
-1.0482036880728949e-08
-1.0400034613645964e-08
-9.9908245483949398e-09
-8.0965389983065445e-09
-7.9056442503872443e-09
-7.3853486587315861e-09
-7.2550784393593931e-09
-7.2074107424967214e-09
-6.9576991527982157e-09
-6.5417626658260128e-09
-6.4137468269046193e-09
-6.1424604800958350e-09
-5.8489745084168416e-09
-5.7361276983241100e-09
-5.6610897519449902e-09
-5.4158292183198358e-09
-5.3963646733118451e-09
-5.3972805208770737e-09
-5.4578987753725997e-09
-5.4007476810770975e-09
-5.4981375000244926e-09
-5.0093596063308169e-09
-5.2372279157142229e-09
-5.3454567592720305e-09
-5.3662102951517901e-09
-5.1913189383272026e-09
-5.2492739098189590e-09
-4.2496024611238453e-09
-4.9442733542248653e-09
-4.7158789019106815e-09
-5.3475899753047173e-09
-4.5430000619617411e-09
-1.6480043720599836e-08
-1.9435977184985374e-08
-1.8709717813349636e-08
-1.8546512377091455e-08
-1.8270013341614805e-08
-1.8514423160778347e-08
-1.8414789127463403e-08
-1.8110155467416932e-08
-1.8237806173821152e-08
-1.8112562186922689e-08
-1.9996718534488275e-08
-1.9896489352031706e-08
-1.9694037567416753e-08
-1.9461208968898130e-08
-1.9314828590266896e-08
-1.9474842760372877e-08
-1.9402650908254738e-08
-1.9500439038456170e-08
-1.9391683587783880e-08
-1.9301093239195409e-08
-1.9030297069315232e-08
-1.9494639118199673e-08
-1.9432924104766546e-08
-1.9807493697803902e-08
-1.9509717293237740e-08
-2.3860657695536060e-08
-2.5451342965529555e-08
-2.5135580405592961e-08
-2.5139933902786327e-08
-2.4921506650107645e-08
-2.5082908645954119e-08
-2.5053930942411360e-08
-2.5183361641451202e-08
-2.5532087656068844e-08
-2.5688058195170298e-08
-2.5776688519246132e-08
-2.5818314062259080e-08
-2.5871635398726275e-08
-2.5992904778715613e-08
-2.5913458976716966e-08
-2.7092354017951761e-08
-2.7430889412812489e-08
-2.7258778951942201e-08
-2.7211968192295927e-08
-2.6952129426209357e-08
-2.6923325711073366e-08
-2.6815614954686652e-08
-2.6902098886650580e-08
-2.6771824911285472e-08
-2.7236779501757446e-08
-2.7849075366402141e-08
-2.8561196662576081e-08
-2.7051908506982855e-08
-2.6878343842391522e-08
-2.7255854986236965e-08
-2.7233818889800513e-08
-2.6790856264521201e-08
-2.7040842397728542e-08
-2.7439916013092558e-08
-2.7695783174396787e-08
-2.7851314341518787e-08
-2.7622534687045499e-08
-2.7903427341137267e-08
-2.7708035062601234e-08
-2.8452677788157404e-08
-2.7519225224301758e-08
-2.7749503561237940e-08
-2.9867010056890348e-08
-3.0110425744051055e-08
-2.9307653756436171e-08
-2.9281165391414010e-08
-2.9712598613374538e-08
-3.0035175034547718e-08
-2.9509674151962270e-08
-2.9345156910582973e-08
-3.0069302415214167e-08
-3.0021803680099624e-08
-3.0356324241852717e-08
-3.0314960180766305e-08
-3.0298779546497139e-08
-3.0658948385509722e-08
-3.0566612664365396e-08
-2.9251862506029753e-08

