Phase Difference (s)
8.8276133070804598e-09
8.9749511441246100e-09
9.2189964135905926e-09
9.3287692361158284e-09
9.4124704439800843e-09
9.6724646987843586e-09
9.9506347588749311e-09
9.9405988521571777e-09
9.8090462115724853e-09
9.8379958307119609e-09
9.9032194682720102e-09
1.0228768664900923e-08
1.0175289036578252e-08
1.0229687737337670e-08
1.0373105208530505e-08
1.0428005069861002e-08
1.0110871774410575e-08
1.0182022294659812e-08
1.0296928178900219e-08
1.0404485910985176e-08
1.0438551038405391e-08
1.0686027519131406e-08
1.0687170963742822e-08
1.0585454761465263e-08
1.0571226753223464e-08
1.0837839999347331e-08
1.0934107548841523e-08
1.0785747458933868e-08
1.0822162275769459e-08
1.0631691039028867e-08
1.0457442562248030e-08
1.0086265610083251e-08
1.0219753167211916e-08
9.9148461408627822e-09
9.8309944691210073e-09
9.6098346982233301e-09
9.7722530088609384e-09
9.8520703850289776e-09
1.0098630192035967e-08
1.0324901905076758e-08
1.0349110270207725e-08
1.0486741262588045e-08
1.0354991532856823e-08
1.0393812600649650e-08
1.0366457262915255e-08
1.0679290359127544e-08
1.0276385412988876e-08
9.8872776008863491e-09
1.0303571515288162e-08
1.0646341401469188e-08
1.1003090018888836e-08
1.1538277987355944e-08
1.1701632379835805e-08
1.2036085910647651e-08
1.2511067047338516e-08
1.3111859542248893e-08
1.3613819076050642e-08
1.3788489135987609e-08
1.4117884319710657e-08
1.3732058936198376e-08
1.3635012464735787e-08
1.3558770852918444e-08
1.3554060279815166e-08
1.3593547727583503e-08
1.3681309846618481e-08
1.3592429755413944e-08
1.3770348392705320e-08
1.3700917207992429e-08
1.3939513365325371e-08
1.4254494485807493e-08
1.3964235397177626e-08
1.4159381925371835e-08
1.4198063885263440e-08
1.4317633227992487e-08
1.4259903905974440e-08
1.4307592305340631e-08
1.4299214795376611e-08
1.4386821607026619e-08
1.4470571083575922e-08
1.4270454492090915e-08
1.4202869386925087e-08
1.4248060454057660e-08
1.4331389883257449e-08
1.4318593847164527e-08
1.4189737020527285e-08
1.4250465580231887e-08
1.4512004242302613e-08
1.4628304911660356e-08
1.4716848111551930e-08
1.4913497625610983e-08
1.4978622821282222e-08
1.4894427818849848e-08
1.4844504564692049e-08
1.4858174760959271e-08
1.4798975273764965e-08
1.4533743975872118e-08
1.4421848337690896e-08
1.4343466787999806e-08
1.4250314737088131e-08
1.4265653592465580e-08
1.4278156749653453e-08
1.4432865254998820e-08
1.4521564614293849e-08
1.4594707394848108e-08
1.4695948082008960e-08
1.4807399088381034e-08
1.5005491924930874e-08
1.5055985902365875e-08
1.5155783989991661e-08
1.5328715775737443e-08
1.5279861247868536e-08
1.5295725174895037e-08
1.5356664032156486e-08
1.5340123491266305e-08
1.5617272752513064e-08
1.5626671088950969e-08
1.5845499416352243e-08
1.5657162231478062e-08
1.5628082566833779e-08
1.5470116748593345e-08
1.5377249524611847e-08
1.5467149869423185e-08
1.5762938280627042e-08
1.5871543395361963e-08
1.6067916076080365e-08
1.6289772494986899e-08
1.6616680251807751e-08
1.6870822504237233e-08
1.6624551201311678e-08
1.6885109598004242e-08
1.6754388571067261e-08
1.7249691483960271e-08
1.7488757866465571e-08
1.7626804292775009e-08
1.7136347394230942e-08
1.6196814899070208e-08
5.4411653218257133e-09
5.4408678129567881e-09
6.4180029427601746e-09
6.1610205064983768e-09
6.3796096605355583e-09
6.0179276468282088e-09
5.7774704125767994e-09
5.8851994868126757e-09
6.0255344737623589e-09
6.0755953505544039e-09
6.2188026968225727e-09
6.2796719307626165e-09
6.3714772938103940e-09
6.8289584086926378e-09
7.0506577907602501e-09
6.6866647047830548e-09
6.1786626441001561e-09
6.2205946623029010e-09
6.1418122720903432e-09
6.3710338005996444e-09
6.6842855394315448e-09
6.9497891944455881e-09
7.0674339553232148e-09
7.0954655297858089e-09
7.1897948449388459e-09
7.1643879980596437e-09
7.1880200199286224e-09
7.3590541453763373e-09
7.5715607443544109e-09
7.4456429746833363e-09
7.5433117792928588e-09
7.5693620927832324e-09
7.6540757036743358e-09
7.6388778704381454e-09
7.4928859466915428e-09
7.5735805592900836e-09
7.6645501572212115e-09
7.7914775722414318e-09
8.1510215790415163e-09
8.3095475841174599e-09
8.6636516188777228e-09
8.8197315896557055e-09
9.0495573163222251e-09
9.1470317149110035e-09
9.2676440194930419e-09
9.4094296030433527e-09
9.3642686588421876e-09
9.5938605762192903e-09
9.8650754710922613e-09
1.0174400960180673e-08
1.0521464719442633e-08
1.0976570558960311e-08
1.1356103478453119e-08
1.1476373641310878e-08
1.1580208979880811e-08
1.1457286020783841e-08
1.1770264941389675e-08
1.1961009044999252e-08
1.1887183103541059e-08
1.1791830066211289e-08
1.1945133767150491e-08
1.2070845562085837e-08
1.2248879930797885e-08
1.2281796024636757e-08
1.2654078250247456e-08
1.2958301902981365e-08
1.2942509053629133e-08
1.3011139169729252e-08
1.2958048610243360e-08
1.3034105078108495e-08
1.3028294403604898e-08
1.2959105906773183e-08
1.2817974184542310e-08
1.2788079102148806e-08
1.2863632339237829e-08
1.3023860639702896e-08
1.3092699245013928e-08
1.3062159644813687e-08
1.3082528943911415e-08
1.3321064678669253e-08
1.3481096440649867e-08
1.3599380278605669e-08
1.3663648452475350e-08
1.3708498979432724e-08
1.3650256371576802e-08
1.3796005587186162e-08
1.3838970011307927e-08
1.3854401022359804e-08
1.3783656241470721e-08
1.3781836442058529e-08
1.3668682029809200e-08
1.3466656511007486e-08
1.3522713082513083e-08
1.3407787893972335e-08
1.3409976037989088e-08
1.3458919257051481e-08
1.3515103328115684e-08
1.3269746834298026e-08
1.3248670497515152e-08
1.3258475088313863e-08
1.3140432856748158e-08
1.3223496604949053e-08
1.3109778763409720e-08
1.3085198662074513e-08
1.3213204805811726e-08
1.3357961990684073e-08
1.3506906639420437e-08
1.3613982047223519e-08
1.3892115995941028e-08
1.3927043705521942e-08
1.4241670786603594e-08
1.4182925694644270e-08
1.4221232996031849e-08
1.4535729439749218e-08
1.4979803403600981e-08
1.5158537598027987e-08
1.5125270793947296e-08
1.5203855627920464e-08
1.5197051188062503e-08
1.5166012779037710e-08
1.4973002438404482e-08
1.4662007093443291e-08
1.4773341168271126e-08
1.4852391373951699e-08
1.4783645956435003e-08
1.4856266694535724e-08
1.5035178956001498e-08
1.5009902658232171e-08
1.4876655644688812e-08
1.4862324500560033e-08
1.5070348521296303e-08
1.5216937284327172e-08
1.5423796904090378e-08
1.5271003444519386e-08
1.5325765921464064e-08
1.5348105653402688e-08
1.5377859097690317e-08
1.5393299900212330e-08
1.5392153702256235e-08
1.5545717335660759e-08
1.5598404994278489e-08
1.5589286521679261e-08
1.5640842599021310e-08
1.5906823275444157e-08
1.6183530752802421e-08
1.6209178602119846e-08
1.6297271854672371e-08
1.6310150700284254e-08
1.6527195733896512e-08
1.6712333344279524e-08
1.6852609772744061e-08
1.6743213626514320e-08
1.6731318041746063e-08
1.6576756595016173e-08
1.6964478680172849e-08
1.4980263993178934e-08
1.3917823829917139e-08
1.4277058727981401e-08
1.4489821304223495e-08
1.4859441820828116e-08
1.4067175937469756e-08
1.4136012878197474e-08
1.4272401914978344e-08
1.4557391636995337e-08
1.4673156433089955e-08
1.4832489633969274e-08
1.4976866316671724e-08
1.5164617316999137e-08
1.5126003003284638e-08
1.4808520145127573e-08
1.5212018605721390e-08
1.5435770035331660e-08
1.5578805726407714e-08
1.5612213237555121e-08
1.5848631826930453e-08
1.5975751933876635e-08
1.5906800198573779e-08
1.6115600775676663e-08
1.6157677650088021e-08
1.6288268030767680e-08
1.6544974571686457e-08
1.6777692143109913e-08
1.6538311374322390e-08
1.6410776425097486e-08
1.6401109993992916e-08
1.6061514407573265e-08
1.6172302330017755e-08
1.6143150406653069e-08
1.6194098387228584e-08
1.6339685843772779e-08
1.6243247216814783e-08
1.6115277421475437e-08
1.5982333176623324e-08
1.6071665627632699e-08
1.6330893997621179e-08
1.6285159059371386e-08
1.6463021732896773e-08
1.6598395022055286e-08
1.6893166980159148e-08
1.6928540929327222e-08
1.8221198970414815e-08
1.8470600670471664e-08
1.8450423824251280e-08
1.8443562384439938e-08
1.8456063881046442e-08
1.8458827135637220e-08
1.8521103618970981e-08
1.8632969235003182e-08
1.8714398493467742e-08
1.8918453019209688e-08
1.8925881580221971e-08
1.9058556353802879e-08
1.8875117964932022e-08
1.8904997245349133e-08
1.8971277732249644e-08
1.9057259434134227e-08
1.9066728074749206e-08
1.9425014267871610e-08
1.9641949642091183e-08
1.9756006695035668e-08
1.9801332638660642e-08
1.9897705600142499e-08
1.9962482174372017e-08
1.9993404233237697e-08
1.9916114113290122e-08
1.9896694889020646e-08
2.0066155450448077e-08
2.0041836207628500e-08
2.0148079537698148e-08
2.0369619515512832e-08
2.0574766921086859e-08
2.0697485764483249e-08
2.0777819757962931e-08
2.0928516863879373e-08
2.0960256223283224e-08
2.0983202666872164e-08
2.1084501249010593e-08
2.1268408583583668e-08
2.1407509166346539e-08
2.1810515843916276e-08
2.2098165283060815e-08
2.2322845116252897e-08
2.2668649130728577e-08
2.2900249148729771e-08
2.2796677257626625e-08
2.2886879032351053e-08
2.2520128756019704e-08
2.4015272071242268e-08
2.5404945831632248e-08
2.5242971396426703e-08
2.5284693633651172e-08
2.4932413885626856e-08
2.4745914734384806e-08
2.4703676770242763e-08
2.4779579776220529e-08
2.4980761110559641e-08
2.5150497476121617e-08
2.5437838981492764e-08
2.5288765754023340e-08
2.5480042629458053e-08
2.5543968160538740e-08
2.5613271523719832e-08
2.5573646569702834e-08
2.5625780541159265e-08
2.5517789959017733e-08
2.5620028307431193e-08
2.5510807922350168e-08
2.5464119249641826e-08
2.5461816612061757e-08
2.5189969000306119e-08
2.5089741871155170e-08
2.5126093118275362e-08
2.4016066160719948e-08
2.3620055607593297e-08
2.3655335841708498e-08
2.3716024094898921e-08
2.3963554435771140e-08
2.4195282931170282e-08
2.4567922671816572e-08
2.4668985313917431e-08
2.4653556631280316e-08
2.4549054586096392e-08
2.4610781461519564e-08
2.4737415799452111e-08
2.4666941920062493e-08
2.4743959181240933e-08
2.4824613404464669e-08
2.4663869059228464e-08
2.4495056764664198e-08
2.4648242717095037e-08
2.4822899062106945e-08
2.4784246826151773e-08
2.4785491902200869e-08
2.4923898769638315e-08
2.4763124186279116e-08
2.4666908745359929e-08
2.4688756787398670e-08
2.4811499484155698e-08
2.4991452209411321e-08
2.4993035805417572e-08
2.5208558415431345e-08
2.5208261571219432e-08
2.5298224026166156e-08
2.5355650435407559e-08
2.5428747318094489e-08
2.5494152016646684e-08
2.5630351982109762e-08
2.5389198132233278e-08
2.5336273904234241e-08
2.5386963320657407e-08
2.5601016671936252e-08
2.5504395084637711e-08
2.5725631186319445e-08
2.5815051782236690e-08
2.5754496354915718e-08
2.5875727294307883e-08
2.5994810097225133e-08
2.5991604543055856e-08
2.6047889818228275e-08
2.6092418810938224e-08
2.6079866900317679e-08
2.6060211524303472e-08
2.6265742738576614e-08
2.6430127297111467e-08
2.6364821574044046e-08
2.6470932142692875e-08
2.6398309113408628e-08
2.6385869722974583e-08
2.6370860097226105e-08
2.6557692904815354e-08
2.6547985629461602e-08
2.6675950140726564e-08
2.6726286306678634e-08
2.6797529687588823e-08
2.6935889053327962e-08
2.6849809055358590e-08
2.6963410642661618e-08
2.6959823590080805e-08
2.7168080163616472e-08
2.7321875038423603e-08
2.7347091291141118e-08
2.7280232916467048e-08
2.7303702005222036e-08
2.7178802517085131e-08
2.7388103447172827e-08
2.7933121179342397e-08
2.7856378589001667e-08
2.7871675336241420e-08
2.7591031406590686e-08
2.7759924870876518e-08
2.7604940237488731e-08
2.7897015991612008e-08
2.7904772998841250e-08
2.7731858155746662e-08
2.7767533910880869e-08
2.8044511255741240e-08
2.7897964147435671e-08
2.7599596322523381e-08
2.7099348136486394e-08
2.6966972338435958e-08
2.6869640528166017e-08
2.6435592960384360e-08
2.6470436195463515e-08
2.6291719012694974e-08
2.6005011874617998e-08
2.5994890053501179e-08
2.5844761852961437e-08
2.6180583415573645e-08
2.6729879243618593e-08
2.6843120328758752e-08
2.6913698810015498e-08
2.7167846083311788e-08
2.7299412111605363e-08
2.7346264302585987e-08
2.7268721018426105e-08
2.7322064911049492e-08
2.7300666966938908e-08
2.7115536915826155e-08
2.7334729625616413e-08
2.7337941412836977e-08
2.7305865547474087e-08
2.7170814167232404e-08
2.7152890931260437e-08
2.7116670885982819e-08
2.7220330033711029e-08
2.7464939746708061e-08
2.7484969179371228e-08
2.7441027918635282e-08
2.7323381022740686e-08
2.7317292337498696e-08
2.7295699428852369e-08
2.7197863626597423e-08
2.7037276506399883e-08
2.7052109208260932e-08
2.7117278440251260e-08
2.7135799261786568e-08
2.7160417404224587e-08
2.7035613226387767e-08
2.6839268400912158e-08
2.6569534464450396e-08
2.6312877393980120e-08
2.6136097815662461e-08
2.5715560358240639e-08
2.5484218406549502e-08
2.5416276695006487e-08
2.5318502065383108e-08
2.5532613287890405e-08
2.5618026321389658e-08
2.5567078245554774e-08
2.5458012073836232e-08
2.5397309131009340e-08
2.5438560961049901e-08
2.5518606459140557e-08
2.5348287091201747e-08
2.5239649665288648e-08
2.4927697429550180e-08
2.4864343337798910e-08
2.4555198048513700e-08
2.4453198769265857e-08
2.4443179718760511e-08
2.4293612435102985e-08
2.4040481105016521e-08
2.3878022048418283e-08
2.3786727395774737e-08
2.3695401980541996e-08
2.3545500894633864e-08
2.3627156739675370e-08
2.3523221193218127e-08
2.3606716547840168e-08
2.3372095777709325e-08
2.3324637154795313e-08
2.3517913380871483e-08
2.3467087125045220e-08
2.3444735096403342e-08
2.3528964613831334e-08
2.3902721516909889e-08
2.4291678165541846e-08
2.3919634218806515e-08
2.3757250579739511e-08
2.3758097526422891e-08
2.3814003836682501e-08
2.3539576507140613e-08
2.3390920548709080e-08
2.3488080572393520e-08
2.3535122992247109e-08
2.3526632223910143e-08
2.3320491386449714e-08
2.2977791825458755e-08
2.2868858099377941e-08
2.2719458290546866e-08
2.2419962254095342e-08
2.2383645556814091e-08
2.2284944336543421e-08
2.2240379056798970e-08
2.2440075170889121e-08
2.2358477507692660e-08
2.2296995251302178e-08
2.2342735131845590e-08
2.2310192663033622e-08
2.2325647020024111e-08
2.2268640187745998e-08
2.2528549534389097e-08
2.2963871395395061e-08
2.3270254225187465e-08
2.3346048406575796e-08
2.3656609325915133e-08
2.3944423317500121e-08
2.4412082540282576e-08
2.4694790225557518e-08
2.5022998963642915e-08
2.5177424555426622e-08
2.5421023840360922e-08
2.5778517792965901e-08
2.6021956272071048e-08
2.6469115176777295e-08
2.6832129185519839e-08
2.6946384393371926e-08
2.7347691642132758e-08
2.7461706309875440e-08
2.8334870506735975e-08
2.9911587032460070e-08
2.9833395706012368e-08
2.9753294814062911e-08
3.0708270332160793e-08
2.8449030644714256e-08

