Phase Difference (s)
2.7962617146327181e-07
2.8020089692826600e-07
2.8097168513560191e-07
2.8062673638954411e-07
2.8136804676193662e-07
2.7652061049197276e-07
2.7458007042439935e-07
2.7537546246238642e-07
2.7499430521738958e-07
2.7601406153774020e-07
2.7640392343849604e-07
2.7718687744407148e-07
2.7746380640998585e-07
2.7853294452141244e-07
2.7856662825664652e-07
2.8174075081044351e-07
2.8352268757949097e-07
2.8361221604952477e-07
2.8439950919104140e-07
2.8487468824857214e-07
2.8557075200064116e-07
2.8631672582896697e-07
2.8686054595284037e-07
2.8732726953388218e-07
2.8781299281248891e-07
2.8815616039690037e-07
2.8668465863728713e-07
2.8702572872318255e-07
2.8760435732714523e-07
2.8836630176377624e-07
2.8910062803199589e-07
2.8973997483269910e-07
2.9042415899925294e-07
2.9049213376756343e-07
2.9056549856538641e-07
2.9125466912538895e-07
2.9186815400884335e-07
2.9245339210047052e-07
2.9303662540476006e-07
2.9349110753117765e-07
2.9371961879043469e-07
2.9369399849135574e-07
2.9449787081470218e-07
2.9469729936272254e-07
2.9504436776007357e-07
2.9560007189916737e-07
2.9620675504144941e-07
2.9684244665049847e-07
2.9783977244223134e-07
2.9818221846711362e-07
2.9884110705415551e-07
2.9936077170016272e-07
2.9962997496788269e-07
3.0051101854698468e-07
3.0084298190728298e-07
3.0194621579727231e-07
3.0259906421230522e-07
3.0271775545946520e-07
3.0320785317188678e-07
3.0392535298843310e-07
3.0482707421379412e-07
3.0549464049854328e-07
3.0615802021858659e-07
3.0674670016366398e-07
3.0682001334467516e-07
3.0759295215156197e-07
3.0725129816219236e-07
3.0983070951238542e-07
3.1124642783742547e-07
3.1357789322974436e-07
3.0531442546146327e-07
2.9908331314203896e-07
3.0110327355449040e-07
3.0128891829935702e-07
3.0308619268658617e-07
3.0283530801470730e-07
3.0362499218746027e-07
3.0365961072287483e-07
3.0410102037318522e-07
3.0483900635138660e-07
3.0530761801882913e-07
3.0587815246061986e-07
3.0671054855737934e-07
3.0759425964461574e-07
3.0831733655397736e-07
3.0898851097627944e-07
3.0837648283258951e-07
3.0859562021799715e-07
3.0906828832537197e-07
3.0977782112316282e-07
3.1045413700440484e-07
3.1097463911408865e-07
3.1144617859434614e-07
3.1195959283099009e-07
3.1259473353707356e-07
3.1298058346518624e-07
3.1349148156547073e-07
3.1376471678942352e-07
3.1414926419103824e-07
3.1463809712516193e-07
3.1567491594959605e-07
3.1672603543034628e-07
3.1644970755598909e-07
3.1645720037317579e-07
3.1635793540443201e-07
3.1606072328073643e-07
3.1655993919249122e-07
3.1716959046524621e-07
3.1809304761055697e-07
3.1908625393165084e-07
3.1974877200052525e-07
3.2028781773909865e-07
3.2089118253036005e-07
3.2114769387789235e-07
3.2167707644048041e-07
3.2206554705996286e-07
3.2268710059744267e-07
3.2333673966933603e-07
3.2364594662722178e-07
3.2389102716706252e-07
3.2423610125869772e-07
3.2479834799755524e-07
3.2541957647209504e-07
3.2646505069860152e-07
3.2709545012361961e-07
3.2751902961405689e-07
3.2825166389135012e-07
3.2867078417393766e-07
3.2887124524604208e-07
3.2904070634757659e-07
3.2990488205154152e-07
3.3082959680570501e-07
3.3145546093612819e-07
3.3190372683654368e-07
3.3242742912887089e-07
3.3329421662862035e-07
3.3436585189769164e-07
3.3378924374435252e-07
3.3375921324886061e-07
3.3444907676296484e-07
3.3481903989633369e-07
3.3565065546083750e-07
3.3619830562161196e-07
3.3536721800639175e-07
3.3461442697892113e-07
3.3547183828449266e-07
3.3640636012550462e-07
3.3745449538056724e-07
3.3814766087563050e-07
3.3898054395047234e-07
3.3936768905533781e-07
3.3936335650861066e-07
3.4031035904710815e-07
3.4102873785643332e-07
3.4159983672983850e-07
3.4184645616812700e-07
3.4286717929781338e-07
3.4326228924699048e-07
3.4416965158563513e-07
3.4489202961731154e-07
3.4568103360213449e-07
3.4661625191173252e-07
3.4737453976462826e-07
3.4816265187321764e-07
3.4911535868465900e-07
3.4968163513760060e-07
3.5011269487423915e-07
3.5089925476596093e-07
3.5152673820292638e-07
3.5184915012841253e-07
3.5216018665642331e-07
3.5251776630866688e-07
3.5299775598492288e-07
3.5458716728271492e-07
3.5614630781785337e-07
3.5558815619205525e-07
3.5638325796429955e-07
3.5714890342981976e-07
3.5924519461584385e-07
3.5945727978336571e-07
3.5931168213847424e-07
3.5915227100745121e-07
3.5986249540962693e-07
3.5943303467312732e-07
3.5876157757792319e-07
3.5885768303156800e-07
3.5995327972461241e-07
3.6027012009353461e-07
3.6167219593688340e-07
3.6253351878066379e-07
3.6495625055246978e-07
3.6620162234533786e-07
3.6673331038137006e-07
3.6630599752427532e-07
3.6612034131194796e-07
3.6604227407539187e-07
3.6581974349760729e-07
3.6658525015912983e-07
3.6666915909215624e-07
3.6695847369736494e-07
3.6758254738879203e-07
3.6821569198736210e-07
3.6816484754413544e-07
3.6803066758436790e-07
3.6778011425184705e-07
3.6736998024153258e-07
3.6797069357578553e-07
3.6816757412173254e-07
3.6881262782788617e-07
3.6970513627770788e-07
3.7063430426729843e-07
3.7113840688597816e-07
3.7153544160903822e-07
3.7168871018965607e-07
3.7278079692890065e-07
3.7306953887720994e-07
3.7383695767734053e-07
3.7467416891508785e-07
3.7386813074232336e-07
3.7332568407306113e-07
3.7322217886361792e-07
3.7416963985294353e-07
3.7441449053867607e-07
3.7513730514105912e-07
3.7557218440388061e-07
3.7617074655025936e-07
3.7716045664927663e-07
3.7799353912276899e-07
3.7987513130009049e-07
3.8179069214955177e-07
3.8226921808130830e-07
3.8323905635012874e-07
3.8404194327640469e-07
3.8457733159962730e-07
3.8744323478157955e-07
3.8783459508145724e-07
3.8706667242884689e-07
3.8701536067053646e-07
3.8780782608804037e-07
3.8810404092775416e-07
3.8797834758828852e-07
3.9094835989726504e-07
3.8858780318956479e-07
3.8804074363059890e-07
3.8722375452708442e-07
3.8769060769925553e-07
3.8797904793888805e-07
3.8841807887940437e-07
3.8912440739400805e-07
3.9157804072667851e-07
3.9243460352125163e-07
3.9283109053229900e-07
3.9420747241400818e-07
3.9521883967793069e-07
3.9502027781564805e-07
3.9596181658293874e-07
3.9639437394741355e-07
3.9694001163806917e-07
3.9766230464198186e-07
3.9831586714109544e-07
3.9874080244029109e-07
3.9895649264720512e-07
3.9972481882744297e-07
4.0032144459952190e-07
4.0058879620478010e-07
4.0072134587057793e-07
4.0112474358730319e-07
4.0196476024816042e-07
4.0244716789842090e-07
4.0339989242636256e-07
4.0338876799812720e-07
4.0365376092052965e-07
4.0393862892337465e-07
4.0460677829125305e-07
4.0494035848313653e-07
4.0545373132438016e-07
4.0543624980201003e-07
4.0611401039416209e-07
4.0696207842719139e-07
4.0762396745575935e-07
4.0816866597103789e-07
4.0904946632753636e-07
4.0949559281325217e-07
4.1017098055578600e-07
4.1062877772341725e-07
4.1121306849172454e-07
4.1194180054268542e-07
4.1233230709837392e-07
4.1283307614362800e-07
4.1352173479955760e-07
4.1413425399266855e-07
4.1450995754288234e-07
4.1503131757311402e-07
4.1568706600520389e-07
4.1610140184344939e-07
4.1659629120502327e-07
4.1681504755567355e-07
4.1640754371132629e-07
4.1712062034612386e-07
4.1806568766484559e-07
4.1871894353999908e-07
4.1900117017712818e-07
4.1940945798982106e-07
4.1999721619885021e-07
4.2041613269024805e-07
4.2061529663335025e-07
4.2069757527001615e-07
4.2126850998564222e-07
4.2166167952195910e-07
4.2227013156785992e-07
4.2262591048975038e-07
4.2344463942135377e-07
4.2400819297372478e-07
4.2442720909343545e-07
4.2510137831033210e-07
4.2557336349787817e-07
4.2662379828203434e-07
4.2716560960638325e-07
4.2792561855127840e-07
4.2811567932884582e-07
4.2910941048116399e-07
4.2956816242103070e-07
4.2964150119235771e-07
4.3013170317172961e-07
4.3079272026597759e-07
4.3131891632978366e-07
4.3094188143720443e-07
4.3135799583575306e-07
4.3154745573532190e-07
4.3252696693062814e-07
4.3380330283046487e-07
4.3352821668539765e-07
4.3243262576863270e-07
4.3164451443462370e-07
4.3261571454780589e-07
4.3310107790221171e-07
4.3349693751603403e-07
4.3373912066947690e-07
4.3421596372806331e-07
4.3465946559608109e-07
4.3491646278528547e-07
4.3548406324334600e-07
4.3622726093208622e-07
4.3675155425024409e-07
4.3744499550211996e-07
4.3819921476262791e-07
4.3880836141724195e-07
4.3936707586617735e-07
4.3988176390855844e-07
4.4078547326254756e-07
4.4170157526495015e-07
4.4232308941125661e-07
4.4282212923885936e-07
4.4315603253185803e-07
4.4382814306213295e-07
4.4451820795641065e-07
4.4501964601073454e-07
4.4425274777729163e-07
4.4472630840353877e-07
4.4580043805723003e-07
4.4571153420985913e-07
4.4631785376808242e-07
4.4692927592988141e-07
4.4806156867338301e-07
4.4878825260430014e-07
4.4898513223962945e-07
4.4903383315398897e-07
4.4957117176527154e-07
4.4966331015702509e-07
4.5020725526053421e-07
4.5084140804766202e-07
4.5145277850703562e-07
4.5204468034138435e-07
4.5277650353492383e-07
4.5353673479319795e-07
4.5465629107574731e-07
4.5505753255660631e-07
4.5557831993669323e-07
4.5565032852892613e-07
4.5619306421553696e-07
4.5646318537415379e-07
4.5678792773286519e-07
4.5721901265779475e-07
4.5817577435408419e-07
4.5875680452546797e-07
4.5902429590179279e-07
4.5972718731629186e-07
4.6002920969360554e-07
4.6057979760327785e-07
4.6127668782826435e-07
4.6183150613939490e-07
4.6249202540765943e-07
4.6335360196576020e-07
4.6383975086061326e-07
4.6525463731616828e-07
4.6601113123557093e-07
4.6701554132110948e-07
4.5165136654167405e-07
4.5085449498816863e-07
4.5123708887601808e-07
4.5193620241184293e-07
4.5244571083515501e-07
4.5352316192529094e-07
4.5358686968296055e-07
4.5449911336592476e-07
4.5532026157020519e-07
4.5580932587465489e-07
4.5678044013307915e-07
4.5773631090003088e-07
4.5770613213451623e-07
4.5907239453918845e-07
4.6022530526981859e-07
4.6037626611605082e-07
4.6066028994779401e-07
4.6106528391216478e-07
4.6244837398328300e-07
4.6348375808837020e-07
4.6409444327742144e-07
4.6308039982918946e-07
4.6384529056303929e-07
4.6414693824464608e-07
4.6579425579179758e-07
4.6658154949003873e-07
4.6713154372157611e-07
4.7114113921862251e-07
4.7192979635657850e-07
4.7202504202246034e-07
4.7324557630099567e-07
4.7251135739902990e-07
4.7235679454758625e-07
4.7400102602501706e-07
4.7456089293313860e-07
4.7461876831593299e-07
4.7495038426382034e-07
4.7507870305371253e-07
4.7631178786122957e-07
4.7662618021194444e-07
4.7558241961950752e-07
4.7640297520783118e-07
4.7684111578953899e-07
4.7736565813111955e-07
4.7776455177209494e-07
4.7811945021977282e-07
4.7874402675875168e-07
4.7950959733298708e-07
4.8001822043732150e-07
4.8188790425128953e-07
4.8240437011727171e-07
4.8314782544928251e-07
4.8342530263856097e-07
4.8349838758199452e-07
4.8368990587011273e-07
4.8388456259635021e-07
4.8458573276255264e-07
4.8501021855212797e-07
4.8549196172139902e-07
4.8634952944985242e-07
4.8612020054563925e-07
4.8599409299863844e-07
4.8684358489744302e-07
4.8716734505382608e-07
4.8780997468378173e-07
4.8851760832177108e-07
4.8886899941306534e-07
4.8891473975146697e-07
4.8642628424273832e-07
4.8544547612460813e-07
4.8618746281214148e-07
4.8614729246609779e-07
4.8651499938460845e-07
4.8731204119008386e-07
4.8784535170664993e-07
4.8821854776924714e-07
4.8847218485784370e-07
4.9047601815532397e-07
4.9190418859085826e-07
4.9265899768287710e-07
4.9177286097953687e-07
4.9275187140451665e-07
4.8767184253174689e-07
4.8734418890939497e-07
4.8786808622288823e-07
4.8784616331744124e-07
4.8825978263420582e-07
4.8893783420927136e-07
4.8985560691041670e-07
4.9002684607966646e-07
4.8988989495892826e-07
4.9012821102386804e-07
4.9087594336116639e-07
4.9194526224133957e-07
4.9234837916057996e-07
4.9222596757422946e-07
4.9269829323374437e-07
4.9294257002719148e-07
4.9364712173309237e-07
4.9390587267262470e-07
4.9438373868867703e-07
4.9504188124263980e-07
4.9531820560833315e-07
4.9607826671819017e-07
4.9705622231535946e-07
4.9804628892333836e-07
4.9873971045565093e-07
4.9907621174876613e-07
4.9974563727247580e-07
4.9955457600155401e-07
4.9861667971709483e-07
4.9951843205607188e-07
4.9977680198051495e-07
5.0104086627803376e-07
5.0147951393656655e-07
5.0193768585392877e-07
5.0200707607092372e-07
5.0260421720675197e-07
5.0349016772356745e-07
5.0440236118090292e-07
5.0542344571246523e-07
5.0694229096284729e-07
5.0835803881902063e-07
5.0813672552591130e-07
5.0837708104020585e-07
5.0883517739812001e-07
5.0938741665182492e-07
5.0989536765824329e-07
5.1046246341637908e-07
5.1111740567221710e-07
5.1141906716916065e-07
5.1184914826932006e-07
5.1227881952629046e-07
5.1261180940267674e-07
5.1291950169455178e-07
5.1325601862436084e-07
5.0986006014533354e-07
5.0914756166163318e-07
5.0535341854195579e-07
5.0673107044805671e-07
4.9837903355109417e-07
5.0324751582411318e-07
4.8847836549862229e-07
5.0327798957710758e-07
4.7322444236325274e-07
5.5701173555715384e-07
4.9214093023429508e-07
1.3650829705935625e-06
3.3151252152799562e-06

