Phase Difference (s)
-1.1301955923785974e-04
-1.1303031767274146e-04
-1.1304117852407193e-04
-1.1305201506367961e-04
-1.1306273875250539e-04
-1.1307347632439974e-04
-1.1308425537214318e-04
-1.1309501652528293e-04
-1.1310575192900473e-04
-1.1311656886200120e-04
-1.1312740847317553e-04
-1.1313813586246116e-04
-1.1314889448879211e-04
-1.1315972596377127e-04
-1.1317052047065795e-04
-1.1318135870156356e-04
-1.1319231325316688e-04
-1.1320324926132102e-04
-1.1321413320014109e-04
-1.1322496470753250e-04
-1.1323565623368901e-04
-1.1324634923061633e-04
-1.1325708834777711e-04
-1.1326781337921363e-04
-1.1327865309451313e-04
-1.1328944845323828e-04
-1.1330019947754576e-04
-1.1331088087626855e-04
-1.1332160190730359e-04
-1.1333239540047010e-04
-1.1334311706908457e-04
-1.1335386228134028e-04
-1.1336469617080725e-04
-1.1337550921828516e-04
-1.1338624959087930e-04
-1.1339700790619225e-04
-1.1340778537634933e-04
-1.1341857672752753e-04
-1.1342939977248820e-04
-1.1344023566464303e-04
-1.1345109626088905e-04
-1.1346193043281269e-04
-1.1347271778104593e-04
-1.1348348433946422e-04
-1.1349421441374408e-04
-1.1350493572341935e-04
-1.1351566227486391e-04
-1.1352637739045729e-04
-1.1353709931117160e-04
-1.1354789026634909e-04
-1.1355871693477222e-04
-1.1356950397001009e-04
-1.1358027370978283e-04
-1.1359108699775674e-04
-1.1360186848694203e-04
-1.1361266474861762e-04
-1.1362341160247077e-04
-1.1363419320916289e-04
-1.1364496364798108e-04
-1.1365569134536794e-04
-1.1366643205346254e-04
-1.1367721601488145e-04
-1.1368799913711218e-04
-1.1369879167856097e-04
-1.1370957803080548e-04
-1.1372027747528675e-04
-1.1373111031531363e-04
-1.1374200242012689e-04
-1.1375289518351188e-04
-1.1376379013865865e-04
-1.1377466238516412e-04
-1.1378550967181888e-04
-1.1379639115703682e-04
-1.1380723890144817e-04
-1.1381809304258980e-04
-1.1382887456050591e-04
-1.1383965824349547e-04
-1.1385038391316262e-04
-1.1386125352460127e-04
-1.1387214212250781e-04
-1.1388301092248437e-04
-1.1389385865171325e-04
-1.1390471555025791e-04
-1.1391557377789708e-04
-1.1392643294218467e-04
-1.1393724995855431e-04
-1.1394811057669445e-04
-1.1395894829373102e-04
-1.1396971852109477e-04
-1.1398057156430255e-04
-1.1399142143913122e-04
-1.1400233780508096e-04
-1.1401324866325372e-04
-1.1402425008009746e-04
-1.1403523752656973e-04
-1.1404615563379152e-04
-1.1405714504897260e-04
-1.1406813892480831e-04
-1.1407910003504321e-04
-1.1409008418127014e-04
-1.1410104416073500e-04
-1.1411202472202644e-04
-1.1412296409004478e-04
-1.1413390265343911e-04
-1.1414490366578055e-04
-1.1415584126840358e-04
-1.1416667836031175e-04
-1.1417750896117807e-04
-1.1418835984976595e-04
-1.1419917502596449e-04
-1.1421001342149755e-04
-1.1422093288275610e-04
-1.1423181245462397e-04
-1.1424271270710581e-04
-1.1425367507890367e-04
-1.1426468882160392e-04
-1.1427574985406466e-04
-1.1428675745852816e-04
-1.1429774556924811e-04
-1.1430866869055928e-04
-1.1431961285889830e-04
-1.1433059908356380e-04
-1.1434156769384436e-04
-1.1435260926196673e-04
-1.1436362920875674e-04
-1.1437467624657512e-04
-1.1438570960068356e-04
-1.1439680814456305e-04
-1.1440793328903722e-04
-1.1441902841317664e-04
-1.1443007618856494e-04
-1.1444106574009856e-04
-1.1445197723468599e-04
-1.1446286066243523e-04
-1.1447371421775723e-04
-1.1448455641250370e-04
-1.1449550325108406e-04
-1.1450641340453106e-04
-1.1451726417947593e-04
-1.1452814320842199e-04
-1.1453904535189174e-04
-1.1454992572766278e-04
-1.1456091311639460e-04
-1.1457183613099528e-04
-1.1458271704899789e-04
-1.1459365298609565e-04
-1.1460468057189953e-04
-1.1461551990896537e-04
-1.1462626534566770e-04
-1.1463709715302711e-04
-1.1464782310591715e-04
-1.1465858565482691e-04
-1.1466939729629703e-04
-1.1468018860209712e-04
-1.1469102777229567e-04
-1.1470191741915909e-04
-1.1471278794157671e-04
-1.1472357643982627e-04
-1.1473446208106494e-04
-1.1474537065617727e-04
-1.1475620940992440e-04
-1.1476691776383406e-04
-1.1477779199795520e-04
-1.1478879362247916e-04
-1.1479974973117125e-04
-1.1481059628479040e-04
-1.1482141124566368e-04
-1.1483225626684092e-04
-1.1484316108846861e-04
-1.1485405926601218e-04
-1.1486512851841422e-04
-1.1487619234947226e-04
-1.1488707574767361e-04
-1.1489795106616099e-04
-1.1490876832549263e-04
-1.1491965849434064e-04
-1.1493064719695559e-04
-1.1494164218157568e-04
-1.1495248437605517e-04
-1.1496333156452180e-04
-1.1497419735142233e-04
-1.1498501409470785e-04
-1.1499584274139267e-04
-1.1500658054055461e-04
-1.1501737065072360e-04
-1.1502806879735656e-04
-1.1503873858740454e-04
-1.1504937638407631e-04
-1.1506014934847990e-04
-1.1507097753692700e-04
-1.1508171392928240e-04
-1.1509246301866655e-04
-1.1510320673979264e-04
-1.1511399037646346e-04
-1.1512476323564391e-04
-1.1513551265900035e-04
-1.1514634040234909e-04
-1.1515708762449838e-04
-1.1516776971156309e-04
-1.1517844269770021e-04
-1.1518915969874618e-04
-1.1519990453660246e-04
-1.1521063727350062e-04
-1.1522134372932351e-04
-1.1523199486683218e-04
-1.1524263806237561e-04
-1.1525341389286000e-04
-1.1526418143631065e-04
-1.1527497440004772e-04
-1.1528575438771062e-04
-1.1529653931724015e-04
-1.1530728547236973e-04
-1.1531799724691460e-04
-1.1532877780692040e-04
-1.1533956533911098e-04
-1.1535035933138694e-04
-1.1536115319015720e-04
-1.1537193124851312e-04
-1.1538272021399862e-04
-1.1539359513038433e-04
-1.1540443273741458e-04
-1.1541519488923345e-04
-1.1542601629507087e-04
-1.1543685571333977e-04
-1.1544765984554083e-04
-1.1545855540176256e-04
-1.1546952624348512e-04
-1.1548042512486652e-04
-1.1549133614238636e-04
-1.1550226547598152e-04
-1.1551305944113447e-04
-1.1552388198163115e-04
-1.1553474900286727e-04
-1.1554565528443398e-04
-1.1555652822050954e-04
-1.1556742666013653e-04
-1.1557821408336829e-04
-1.1558892533889885e-04
-1.1559972801757372e-04
-1.1561073553382340e-04
-1.1562180027782508e-04
-1.1563283018542756e-04
-1.1564377131523007e-04
-1.1565461519205710e-04
-1.1566544930191448e-04
-1.1567639582053621e-04
-1.1568743270359072e-04
-1.1569833823909665e-04
-1.1570922086098606e-04
-1.1572022135993785e-04
-1.1573119188392575e-04
-1.1574218882109003e-04
-1.1575316865759531e-04
-1.1576418744546194e-04
-1.1577519557349576e-04
-1.1578619597442354e-04
-1.1579718537262815e-04
-1.1580817293290130e-04
-1.1581921125739211e-04
-1.1583034289141450e-04
-1.1584139901507985e-04
-1.1585235320838600e-04
-1.1586325989616995e-04
-1.1587411073167029e-04
-1.1588496538162709e-04
-1.1589590490842490e-04
-1.1590681964224855e-04
-1.1591781810260639e-04
-1.1592879496592278e-04
-1.1593978727094883e-04
-1.1595075262774145e-04
-1.1596167186601037e-04
-1.1597257285262152e-04
-1.1598354183320969e-04
-1.1599453456347949e-04
-1.1600557075923996e-04
-1.1601649908659007e-04
-1.1602751318682641e-04
-1.1603846229221424e-04
-1.1604936646513551e-04
-1.1606025406970737e-04
-1.1607121464021700e-04
-1.1608217142145185e-04
-1.1609319945529504e-04
-1.1610423702217390e-04
-1.1611530321027394e-04
-1.1612627030681932e-04
-1.1613719893794484e-04
-1.1614805048096499e-04
-1.1615894198700909e-04
-1.1616976895655238e-04
-1.1618056235194005e-04
-1.1619134422607252e-04
-1.1620219534325235e-04
-1.1621315341076607e-04
-1.1622408643676168e-04
-1.1623503884452842e-04
-1.1624593030093267e-04
-1.1625681983427509e-04
-1.1626773791923795e-04
-1.1627868551646011e-04
-1.1628959999696632e-04
-1.1630058095088817e-04
-1.1631144893649718e-04
-1.1632238961822154e-04
-1.1633342259375667e-04
-1.1634430498672002e-04
-1.1635518806624916e-04
-1.1636620268207658e-04
-1.1637717180219602e-04
-1.1638809566664144e-04
-1.1639898893810439e-04
-1.1640991111635192e-04
-1.1642080608012032e-04
-1.1643168789234620e-04
-1.1644267818062477e-04
-1.1645359413975183e-04
-1.1646450044274860e-04
-1.1647547435217708e-04
-1.1648639495760129e-04
-1.1649732011051923e-04
-1.1650826746416580e-04
-1.1651923737075241e-04
-1.1653023150765339e-04
-1.1654124934980607e-04
-1.1655224818035394e-04
-1.1656323425224517e-04
-1.1657427941340586e-04
-1.1658524181078038e-04
-1.1659622820790175e-04
-1.1660720389466447e-04
-1.1661819006858931e-04
-1.1662928867745172e-04
-1.1664032326683291e-04
-1.1665119473799544e-04
-1.1666212042867201e-04
-1.1667311435350498e-04
-1.1668411904902729e-04
-1.1669517860605251e-04
-1.1670619144944941e-04
-1.1671707042475845e-04
-1.1672806485805524e-04
-1.1673902704030700e-04
-1.1675001583052646e-04
-1.1676108424957570e-04
-1.1677211781509366e-04
-1.1678315731128826e-04
-1.1679421590603083e-04
-1.1680526666007055e-04
-1.1681634157794506e-04
-1.1682730504828258e-04
-1.1683835104007240e-04
-1.1684941812996399e-04
-1.1686040898812133e-04
-1.1687142292398568e-04
-1.1688251319497001e-04
-1.1689354377247668e-04
-1.1690464213142429e-04
-1.1691565938083478e-04
-1.1692664217320807e-04
-1.1693765800594377e-04
-1.1694875891713784e-04
-1.1695976877713462e-04
-1.1697073015078311e-04
-1.1698174079787143e-04
-1.1699280161775131e-04
-1.1700384568229904e-04
-1.1701485258434774e-04
-1.1702582355937327e-04
-1.1703680061294115e-04
-1.1704783127589792e-04
-1.1705890068546189e-04
-1.1706996116978252e-04
-1.1708091357943009e-04
-1.1709186994065561e-04
-1.1710285862454758e-04
-1.1711385874432751e-04
-1.1712494284438273e-04
-1.1713600673640158e-04
-1.1714705143589895e-04
-1.1715824454060866e-04
-1.1716932457687790e-04
-1.1718021138917061e-04
-1.1719116375828793e-04
-1.1720218052426579e-04
-1.1721319179931577e-04
-1.1722415280706489e-04
-1.1723502880122297e-04
-1.1724598222340430e-04
-1.1725698527596580e-04
-1.1726799105266511e-04
-1.1727909701427504e-04
-1.1729024457248372e-04
-1.1730137699872984e-04
-1.1731251171853108e-04
-1.1732358388541674e-04
-1.1733460703514216e-04
-1.1734559083070350e-04
-1.1735656246210535e-04
-1.1736753717339323e-04
-1.1737850524562926e-04
-1.1738946007279460e-04
-1.1740048820443840e-04
-1.1741152067945573e-04
-1.1742249345190545e-04
-1.1743348869355017e-04
-1.1744452076184555e-04
-1.1745552095804700e-04
-1.1746659859325800e-04
-1.1747765344335371e-04
-1.1748877613949719e-04
-1.1749991494988048e-04
-1.1751106136820469e-04
-1.1752222187272794e-04
-1.1753333137950325e-04
-1.1754441732091594e-04
-1.1755557997994722e-04
-1.1756672261930602e-04
-1.1757797721787321e-04
-1.1758918895198506e-04
-1.1760037740040690e-04
-1.1761150752516344e-04
-1.1762261103321012e-04
-1.1763367176602963e-04
-1.1764472254930625e-04
-1.1765581382035892e-04
-1.1766690479184086e-04
-1.1767801594076862e-04
-1.1768914236361726e-04
-1.1770020358798683e-04
-1.1771121085597344e-04
-1.1772220159511148e-04
-1.1773316754026991e-04
-1.1774421137759912e-04
-1.1775533372690040e-04
-1.1776651158996067e-04
-1.1777768286865281e-04
-1.1778880376903895e-04
-1.1779995215640670e-04
-1.1781115150203906e-04
-1.1782237371963853e-04
-1.1783350937930960e-04
-1.1784469241808129e-04
-1.1785588338509899e-04
-1.1786712818869409e-04
-1.1787838725630723e-04
-1.1788956045931989e-04
-1.1790082839642580e-04
-1.1791211259718795e-04
-1.1792334336050231e-04
-1.1793445790045674e-04
-1.1794555014119418e-04
-1.1795674950809249e-04
-1.1796789106237436e-04
-1.1797897888383677e-04
-1.1799010830605760e-04
-1.1800123514872682e-04
-1.1801239277411978e-04
-1.1802352959106205e-04
-1.1803462427052197e-04
-1.1804575176170704e-04
-1.1805689818331477e-04
-1.1806801536603888e-04
-1.1807911749009928e-04
-1.1809023916161161e-04
-1.1810134601719798e-04
-1.1811244177031272e-04
-1.1812360805329824e-04
-1.1813474662178583e-04
-1.1814586619591045e-04
-1.1815697492349638e-04
-1.1816811439720612e-04
-1.1817929237803104e-04
-1.1819049908279296e-04
-1.1820168040372844e-04
-1.1821282407273702e-04
-1.1822401300202228e-04
-1.1823520244292525e-04
-1.1824630261175918e-04
-1.1825749323110554e-04
-1.1826869121728809e-04
-1.1827988581025026e-04
-1.1829109213041252e-04
-1.1830222844574531e-04
-1.1831333541485952e-04
-1.1832452582088906e-04
-1.1833569546944427e-04
-1.1834680113860387e-04
-1.1835786047182741e-04
-1.1836894001115540e-04
-1.1838011342548458e-04
-1.1839129753805752e-04
-1.1840249002986359e-04
-1.1841366866372964e-04
-1.1842472096486634e-04
-1.1843574605543138e-04
-1.1844687338267477e-04
-1.1845802443414623e-04
-1.1846917634099982e-04
-1.1848038703915838e-04
-1.1849160935203903e-04
-1.1850271311717893e-04
-1.1851381418165273e-04
-1.1852498368377123e-04
-1.1853614927282075e-04
-1.1854731360429823e-04
-1.1855849309612975e-04
-1.1856961105245788e-04
-1.1858068840022226e-04
-1.1859169631325494e-04
-1.1860273990046941e-04
-1.1861375481187539e-04
-1.1862489971560564e-04
-1.1863604442245147e-04
-1.1864717183656781e-04
-1.1865832966371573e-04
-1.1866951650559860e-04
-1.1868068299041272e-04
-1.1869188849793547e-04
-1.1870310716587516e-04
-1.1871426680355919e-04
-1.1872538666183048e-04
-1.1873658389248414e-04
-1.1874769751789972e-04
-1.1875875769990033e-04
-1.1876981790740312e-04
-1.1878092493976067e-04
-1.1879220867904157e-04
-1.1880341548497159e-04
-1.1881458477537265e-04
-1.1882574307158266e-04
-1.1883680205843850e-04
-1.1884781960071902e-04
-1.1885885859337628e-04
-1.1887003753933875e-04
-1.1888118137682268e-04
-1.1889227102847162e-04
-1.1890336923691545e-04
-1.1891437951692672e-04
-1.1892539500584535e-04
-1.1893638873139195e-04
-1.1894749459318303e-04
-1.1895861636706104e-04
-1.1896974723600399e-04
-1.1898093793317526e-04
-1.1899210587429627e-04
-1.1900319947319623e-04
-1.1901430644035356e-04
-1.1902538378853407e-04
-1.1903648450126675e-04
-1.1904758972550539e-04
-1.1905886421764494e-04
-1.1907010339265369e-04
-1.1908134685974261e-04
-1.1909250540829652e-04
-1.1910364635584684e-04
-1.1911479079856625e-04
-1.1912591872135332e-04
-1.1913712704074273e-04
-1.1914836302245802e-04
-1.1915961503582824e-04
-1.1917086117617726e-04
-1.1918205454063267e-04
-1.1919319823391848e-04
-1.1920442328379420e-04
-1.1921565500213980e-04
-1.1922691740713957e-04
-1.1923810780493771e-04
-1.1924929118836286e-04
-1.1926042633994386e-04
-1.1927164064743451e-04
-1.1928288598218755e-04
-1.1929402398638871e-04
-1.1930518652058584e-04
-1.1931634310232598e-04
-1.1932741124790745e-04
-1.1933846785681434e-04
-1.1934942615754445e-04
-1.1936038689334617e-04
-1.1937149004694521e-04
-1.1938254703447341e-04
-1.1939361604762170e-04
-1.1940468051621590e-04
-1.1941574397015333e-04
-1.1942674416789170e-04
-1.1943779505094931e-04
-1.1944889316576280e-04
-1.1946002930063134e-04
-1.1947114151193453e-04
-1.1948216923262282e-04
-1.1949321204804515e-04
-1.1950428717861147e-04
-1.1951541214991810e-04
-1.1952658866951275e-04
-1.1953773733489803e-04
-1.1954887839683554e-04
-1.1956010527640288e-04
-1.1957123478977853e-04
-1.1958232227211247e-04
-1.1959356007232255e-04
-1.1960471450387263e-04
-1.1961594874400351e-04
-1.1962715561141075e-04
-1.1963837335219514e-04
-1.1964954771213378e-04
-1.1966075936218579e-04
-1.1967192478501770e-04
-1.1968311893710920e-04
-1.1969441787233519e-04
-1.1970564412806520e-04
-1.1971685804534599e-04
-1.1972802609946401e-04
-1.1973913132894022e-04
-1.1975025274137307e-04
-1.1976132630184525e-04
-1.1977243160182260e-04
-1.1978358925558342e-04
-1.1979472393306875e-04
-1.1980587135691339e-04
-1.1981698358556641e-04
-1.1982805264446922e-04
-1.1983918932012697e-04
-1.1985035977371364e-04
-1.1986162713946771e-04
-1.1987278034126754e-04
-1.1988393529232626e-04
-1.1989507586568766e-04
-1.1990614786022832e-04
-1.1991733266913095e-04
-1.1992844003230757e-04
-1.1993954930361990e-04
-1.1995063597147542e-04
-1.1996166605076060e-04
-1.1997280202761786e-04
-1.1998393811201387e-04
-1.1999506903442719e-04
-1.2000617141824142e-04
-1.2001722779613926e-04
-1.2002830389685608e-04
-1.2003940023172219e-04
-1.2005045280231292e-04
-1.2006154868438062e-04
-1.2007262583091965e-04
-1.2008370659264112e-04
-1.2009488526576960e-04
-1.2010602386056953e-04
-1.2011719225720919e-04
-1.2012838364771833e-04
-1.2013956444934868e-04
-1.2015073591062606e-04
-1.2016192851203743e-04
-1.2017327471164493e-04
-1.2018444621445436e-04
-1.2019569165235492e-04
-1.2020692572202923e-04
-1.2021811382603316e-04
-1.2022929592875617e-04
-1.2024050285347246e-04
-1.2025176321355370e-04
-1.2026304153807635e-04
-1.2027423409903328e-04
-1.2028534120253533e-04
-1.2029650458525467e-04
-1.2030759905965700e-04
-1.2031871991033307e-04
-1.2032992394571205e-04
-1.2034115190981022e-04
-1.2035238939163404e-04
-1.2036368922017496e-04
-1.2037506262804787e-04
-1.2038640444150898e-04
-1.2039761352900977e-04
-1.2040887245296028e-04
-1.2042015732490116e-04
-1.2043144594101885e-04
-1.2044268012793429e-04
-1.2045391916194749e-04
-1.2046511054440934e-04
-1.2047642629478688e-04
-1.2048772015699921e-04
-1.2049895660762993e-04
-1.2051017421408062e-04
-1.2052146626930646e-04
-1.2053277928512698e-04
-1.2054407291627692e-04
-1.2055533785960484e-04
-1.2056665296915204e-04
-1.2057786492687218e-04
-1.2058905366415519e-04
-1.2060026265424290e-04
-1.2061152265723116e-04
-1.2062274072142366e-04
-1.2063388930554915e-04
-1.2064509861368175e-04
-1.2065635527940066e-04
-1.2066754716721802e-04
-1.2067870546114020e-04
-1.2068992898388062e-04
-1.2070114295756119e-04
-1.2071243176087669e-04
-1.2072364784109692e-04
-1.2073482692029308e-04
-1.2074596002162696e-04
-1.2075711195522432e-04
-1.2076824744102642e-04
-1.2077932423958316e-04
-1.2079045383604122e-04
-1.2080173285380479e-04
-1.2081299506864843e-04
-1.2082423985307091e-04
-1.2083544396696049e-04
-1.2084670612990005e-04
-1.2085794717052060e-04
-1.2086915188897118e-04
-1.2088040482642894e-04
-1.2089175184226782e-04
-1.2090309308402643e-04
-1.2091442912671343e-04
-1.2092569687443657e-04
-1.2093701943223068e-04
-1.2094838929371065e-04
-1.2095972811578319e-04
-1.2097103905147166e-04
-1.2098234058098900e-04
-1.2099360093151475e-04
-1.2100490332189261e-04
-1.2101620624914046e-04
-1.2102756820133684e-04
-1.2103894051131861e-04
-1.2105026571580782e-04
-1.2106154765564844e-04
-1.2107283823092329e-04
-1.2108410853760868e-04
-1.2109540223455071e-04
-1.2110662155075343e-04
-1.2111784330667562e-04
-1.2112908294973885e-04
-1.2114027184635974e-04
-1.2115146725439673e-04
-1.2116271732335827e-04
-1.2117410828369529e-04
-1.2118540424608402e-04
-1.2119661251099835e-04
-1.2120786689263693e-04
-1.2121909648147367e-04
-1.2123034657798646e-04
-1.2124171299427998e-04
-1.2125305940460240e-04
-1.2126429734536104e-04
-1.2127549176293794e-04
-1.2128672829298206e-04
-1.2129800726121809e-04
-1.2130930897577430e-04
-1.2132058981804928e-04
-1.2133194970002505e-04
-1.2134338031550712e-04
-1.2135475372601437e-04
-1.2136608799188009e-04
-1.2137749049728206e-04
-1.2138879944480433e-04
-1.2140005653554253e-04
-1.2141140980697635e-04
-1.2142276819555260e-04
-1.2143416191225931e-04
-1.2144556476861958e-04
-1.2145700685825398e-04
-1.2146843737754359e-04
-1.2147974683305919e-04
-1.2149113764185762e-04
-1.2150252692924103e-04
-1.2151379724866151e-04
-1.2152498872171318e-04
-1.2153622775820366e-04
-1.2154761023760989e-04
-1.2155888369558930e-04
-1.2157003421531642e-04
-1.2158116979863192e-04
-1.2159231199463751e-04
-1.2160355597522733e-04
-1.2161482467485316e-04
-1.2162608511186575e-04
-1.2163733261613810e-04
-1.2164860915023148e-04
-1.2165993965649874e-04
-1.2167123039246438e-04
-1.2168256158219464e-04
-1.2169388742993226e-04
-1.2170513534496102e-04
-1.2171632771193735e-04
-1.2172751257057935e-04
-1.2173869998377603e-04
-1.2174996463535474e-04
-1.2176120765346481e-04
-1.2177241377534833e-04
-1.2178358972796008e-04
-1.2179480947193818e-04
-1.2180596717464749e-04
-1.2181717159988621e-04
-1.2182836885155244e-04
-1.2183959024355265e-04
-1.2185083597938964e-04
-1.2186202309698149e-04
-1.2187324551363072e-04
-1.2188451104006545e-04
-1.2189568407368782e-04
-1.2190688564000832e-04
-1.2191822521501495e-04
-1.2192945051767439e-04
-1.2194074015998936e-04
-1.2195203697490992e-04
-1.2196323684704138e-04
-1.2197437890576115e-04
-1.2198559553309597e-04
-1.2199690666527772e-04
-1.2200822493035122e-04
-1.2201952348981581e-04
-1.2203089643897888e-04
-1.2204229808742392e-04
-1.2205370296195848e-04
-1.2206506859774277e-04
-1.2207635263182537e-04
-1.2208757586811898e-04
-1.2209879788457697e-04
-1.2211002470260534e-04
-1.2212129398823056e-04
-1.2213254922927049e-04
-1.2214374275379837e-04
-1.2215497946815428e-04
-1.2216625685481064e-04
-1.2217749195031851e-04
-1.2218871709709526e-04
-1.2219984924954561e-04
-1.2221100837399277e-04
-1.2222208930597173e-04
-1.2223318972213323e-04
-1.2224440989635853e-04
-1.2225564232321747e-04
-1.2226678872581865e-04
-1.2227792333745509e-04
-1.2228916516432461e-04
-1.2230031692695627e-04
-1.2231150047300982e-04
-1.2232277240216411e-04
-1.2233396615547468e-04
-1.2234522808226962e-04
-1.2235650767609995e-04
-1.2236777685774067e-04
-1.2237910037981599e-04
-1.2239036860724095e-04
-1.2240162440024503e-04
-1.2241285785544214e-04
-1.2242419385510316e-04
-1.2243552959674881e-04
-1.2244680678253925e-04
-1.2245808925064760e-04
-1.2246937627407467e-04
-1.2248059155580554e-04
-1.2249180355846214e-04
-1.2250308837498318e-04
-1.2251441256932229e-04
-1.2252572723841362e-04
-1.2253703767770607e-04
-1.2254829118062030e-04
-1.2255964953483104e-04
-1.2257103519808336e-04
-1.2258241345050060e-04
-1.2259378707993516e-04
-1.2260518210088068e-04
-1.2261653673309973e-04
-1.2262779871476638e-04
-1.2263907050729739e-04
-1.2265036815216728e-04
-1.2266166973435929e-04
-1.2267293964274921e-04
-1.2268416364969717e-04
-1.2269546530735182e-04
-1.2270686573165440e-04
-1.2271839936283643e-04
-1.2272986417794480e-04
-1.2274121086847055e-04
-1.2275249873630955e-04
-1.2276367824908454e-04
-1.2277492510584119e-04
-1.2278620236871928e-04
-1.2279747514554597e-04
-1.2280874040201630e-04
-1.2282008677569253e-04
-1.2283144099715286e-04
-1.2284278771306000e-04
-1.2285418123338061e-04
-1.2286549883556823e-04
-1.2287680108932159e-04
-1.2288818859750576e-04
-1.2289952902231989e-04
-1.2291081243641177e-04
-1.2292209708927179e-04
-1.2293340556535315e-04
-1.2294469303693597e-04
-1.2295601958967691e-04
-1.2296740471650535e-04
-1.2297882502546308e-04
-1.2299027081297598e-04
-1.2300170413864634e-04
-1.2301308758974063e-04
-1.2302448148744121e-04
-1.2303589717309416e-04
-1.2304734487727237e-04
-1.2305870926330621e-04
-1.2307001196895854e-04
-1.2308135477965106e-04
-1.2309262150329432e-04
-1.2310392162705793e-04
-1.2311529416418170e-04
-1.2312665909000768e-04
-1.2313800935187527e-04
-1.2314934888482009e-04
-1.2316073611354358e-04
-1.2317218264121542e-04
-1.2318365162688127e-04
-1.2319509209381433e-04
-1.2320643243352275e-04
-1.2321776427900408e-04
-1.2322911909205001e-04
-1.2324053531393971e-04
-1.2325205980487689e-04
-1.2326345389187656e-04
-1.2327492676979571e-04
-1.2328633022268268e-04
-1.2329767337359356e-04
-1.2330895614625571e-04
-1.2332023032949864e-04
-1.2333157513682449e-04
-1.2334295922997919e-04
-1.2335431980310164e-04
-1.2336578427331197e-04
-1.2337720131395033e-04
-1.2338862541454493e-04
-1.2340006578723551e-04
-1.2341136348800253e-04
-1.2342268363080535e-04
-1.2343404273345619e-04
-1.2344528006387657e-04
-1.2345655117571087e-04
-1.2346781337138765e-04
-1.2347911433840500e-04
-1.2349039408220136e-04
-1.2350178329535686e-04
-1.2351323491969799e-04
-1.2352462330649842e-04
-1.2353598125353961e-04
-1.2354735859911861e-04
-1.2355869091899035e-04
-1.2357008782670688e-04
-1.2358154685618750e-04
-1.2359294670907182e-04
-1.2360441038325622e-04
-1.2361576060228083e-04
-1.2362713187922186e-04
-1.2363846110825357e-04
-1.2364988604034795e-04
-1.2366134415438675e-04
-1.2367282026138786e-04
-1.2368427086944275e-04
-1.2369570447628867e-04
-1.2370710279544075e-04
-1.2371848790317376e-04
-1.2372987577484728e-04
-1.2374124941389152e-04
-1.2375264751547671e-04
-1.2376409956519482e-04
-1.2377546413447682e-04
-1.2378681359798941e-04
-1.2379815290662865e-04
-1.2380947589341320e-04
-1.2382088290125294e-04
-1.2383225660820448e-04
-1.2384358693449764e-04
-1.2385492411087507e-04
-1.2386625475980243e-04
-1.2387758582998421e-04
-1.2388898382215431e-04
-1.2390037726577976e-04
-1.2391173525798765e-04
-1.2392313123923604e-04
-1.2393457236626189e-04
-1.2394601693234105e-04
-1.2395749566763051e-04
-1.2396885510404428e-04
-1.2398025319569622e-04
-1.2399164494070422e-04
-1.2400304650967559e-04
-1.2401439459057341e-04
-1.2402572231847361e-04
-1.2403703590207669e-04
-1.2404836089320077e-04
-1.2405976863509691e-04
-1.2407112737370242e-04
-1.2408247681429320e-04
-1.2409381316304797e-04
-1.2410518599328889e-04
-1.2411651143677741e-04
-1.2412796337611898e-04
-1.2413941476965913e-04
-1.2415091417505394e-04
-1.2416226422808785e-04
-1.2417357533544871e-04
-1.2418492043920527e-04
-1.2419628297478827e-04
-1.2420772663605570e-04
-1.2421918111827320e-04
-1.2423061269963335e-04
-1.2424195423169052e-04
-1.2425335385877670e-04
-1.2426484708560925e-04
-1.2427633813099202e-04
-1.2428783127755428e-04
-1.2429937599623423e-04
-1.2431087228088669e-04
-1.2432233590019227e-04
-1.2433378864941519e-04
-1.2434522084030098e-04
-1.2435664461053246e-04
-1.2436811734696952e-04

