Phase Difference (s)
4.9340011791649824e-06
4.8686523282828170e-06
4.8054883760030571e-06
4.7480181981922327e-06
4.7429259706807645e-06
4.7727422023287009e-06
4.8393983480287349e-06
4.9182263472632737e-06
5.1187638171668667e-06
5.4900314239156859e-06
5.8076135647178212e-06
6.0872829747967416e-06
6.3029828703702580e-06
6.4474309218056886e-06
6.5143749310692734e-06
6.5339200815997888e-06
6.5342527555042337e-06
6.5112204030156354e-06
6.4622176504750855e-06
6.3980968112874738e-06
6.3523658486844799e-06
6.3245758913127528e-06
6.2750640971960068e-06
6.2289336881011739e-06
6.1940495073565158e-06
6.1627970476008721e-06
6.1324988657044254e-06
6.0949642366629087e-06
6.0399935857852907e-06
5.9924668677846871e-06
5.9533213812884103e-06
5.9300626641731685e-06
5.8711624060593956e-06
5.8172049636500091e-06
5.7965176389258808e-06
5.8091587207349921e-06
5.8623199175639282e-06
5.9458319775786880e-06
6.0457159763160957e-06
6.1673452853114295e-06
6.3082747257121742e-06
6.4473660575797808e-06
6.5901227444077457e-06
6.7266275423739899e-06
6.8461689229780218e-06
6.9356463203064570e-06
6.9942463877303225e-06
7.0282946692716470e-06
7.0453234792336467e-06
7.0401897359692612e-06
7.0022515527879112e-06
6.9477693081191638e-06
6.8887172639373210e-06
6.8303861399163114e-06
6.7617787876216650e-06
6.7062858691656898e-06
6.6831370367257595e-06
6.6852182105620451e-06
6.6870899173878874e-06
6.6930152318284330e-06
6.7036185446245487e-06
6.7167340546334075e-06
6.7040646966000311e-06
6.6618557304117773e-06
6.6119649885839674e-06
6.5698695345872422e-06
6.5399549832053207e-06
6.5142992704634148e-06
6.4666427210238426e-06
6.4006948046884851e-06
6.3279343270418016e-06
6.2491760965096995e-06
6.1814626317635042e-06
6.1605826103607312e-06
6.1716654237886759e-06
6.2155353387047290e-06
6.2823911671404440e-06
6.3703521352435937e-06
6.4783575411679325e-06
6.6090331877383391e-06
6.7482477181204012e-06
6.9008868310176518e-06
7.0466869263832511e-06
7.1221594835709449e-06
7.1362588412038366e-06
7.1068750218012699e-06
7.0493937139468170e-06
6.9619723652373937e-06
6.8668088893233358e-06
6.8015371218174998e-06
6.7539290467945961e-06
6.7077358502061945e-06
6.6593809194973990e-06
6.6109433252152099e-06
6.5737025905899031e-06
6.5500562215633952e-06
6.5558643560552402e-06
6.5842846425925366e-06
6.6460677645030242e-06
6.7351662765027161e-06
6.8464209956953575e-06
6.9633115868736647e-06
7.0621172062806691e-06
7.1520530838279703e-06
7.2347491520461683e-06
7.2814838958362437e-06
7.2806580481277638e-06
7.2429469924860240e-06
7.1664423047520084e-06
7.0857182784131371e-06
7.0367883356557541e-06
7.0116977401353143e-06
6.9913673308388315e-06
6.9794228618824849e-06
6.9931558127101342e-06
7.0372116710796988e-06
7.0986038101450037e-06
7.1778948840227115e-06
7.2686934022575581e-06
7.3698620154162001e-06
7.4834132789863007e-06
7.5950003929926556e-06
7.6831792149481430e-06
7.7294205595171871e-06
7.7731169421923205e-06
7.7870281974977884e-06
7.7986413544811664e-06
7.8021579642537067e-06
7.7857400063158572e-06
7.7479035264446739e-06
7.7056511049758297e-06
7.6924582803883916e-06
7.7104347652909098e-06
7.7372486843260232e-06
7.7709936289974999e-06
7.8052999472632252e-06
7.8322360992655016e-06
7.8453312652063384e-06
7.8524180211413923e-06
7.8592531339137262e-06
7.8592171509420038e-06
7.8619018739112367e-06
7.8627175454341185e-06
7.8629678014481892e-06
7.8907596476646208e-06
7.9397317621774062e-06
8.0028030576144650e-06
8.0709802035215730e-06
8.1545353106885277e-06
8.2467035124717484e-06
8.3250814167867348e-06
8.3962373950753525e-06
8.4571807119136615e-06
8.5612674356066647e-06
8.6655412109882203e-06
8.7273574862202013e-06
8.6972637581630528e-06
8.6441513031490518e-06
8.5387226229458074e-06
8.4163655503617705e-06
8.2800041431545596e-06
8.1397819001037535e-06
7.9808786503095553e-06
7.8311609324308592e-06
7.7213044643957331e-06
7.6355385981726859e-06
7.6076624074489128e-06
7.6282025258945369e-06
7.6694962442801065e-06
7.7355615720448725e-06
7.7980481321122795e-06
7.8527369413709982e-06
7.8981434988339139e-06
7.9307092578927483e-06
7.9335425131328994e-06
7.9075844709890161e-06
7.8581015309057379e-06
7.7983246266714986e-06
7.7215115915868506e-06
7.6325855810323767e-06
7.5315225131031250e-06
7.4379242509010830e-06
7.3673840072850275e-06
7.3135470476622506e-06
7.2906978909280238e-06
7.3038648001386600e-06
7.3442776351464075e-06
7.3999909661303126e-06
7.4691379870339440e-06
7.5333446056153968e-06
7.5911872757908365e-06
7.6390939415414804e-06
7.6779413289563008e-06
7.6989720461629623e-06
7.6902482086428743e-06
7.6446370268035199e-06
7.5654172160054737e-06
7.4833769296083948e-06
7.4240190096698830e-06
7.3696162817160188e-06
7.3284595283754769e-06
7.3041996758797243e-06
7.3086144771345449e-06
7.3009647998267016e-06
7.2876870831914247e-06
7.2928715673672514e-06
7.3019102515726793e-06
7.3073441287746204e-06
7.3038899319231216e-06
7.3146135543506539e-06
7.3304524774506552e-06
7.3553880278421191e-06
7.3923299529162827e-06
7.4389689832098440e-06
7.4978739984695389e-06
7.5892419239381811e-06
7.6952520495600241e-06
7.8015689513587842e-06
7.9077598494657769e-06
8.0162515969372343e-06
8.1289294606871935e-06
8.2418836828917585e-06
8.3445895537759459e-06
8.3633477431161063e-06
8.3817686354554053e-06
8.4142761083744548e-06
8.4622087517012562e-06
8.5169247758492593e-06
8.5801522749904389e-06
8.6368618994192604e-06
8.6780229672108432e-06
8.7113169523397945e-06
8.7270641596063231e-06
8.7495499797499714e-06
8.7895505580452969e-06
8.8265520282746152e-06
8.8327930552766709e-06
8.8198203182510013e-06
8.8047896615220802e-06
8.7822167977017170e-06
8.7669294190771316e-06
8.7577942990779025e-06
8.7361968772153995e-06
8.7044878418070764e-06
8.6805363383193971e-06
8.6720538822513466e-06
8.6710148855445339e-06
8.6574286329963962e-06
8.6680355114550088e-06
8.7099342106693564e-06
8.7743282276960002e-06
8.8550330254127987e-06
8.9459955415859463e-06
9.0527982486758107e-06
9.1382980472068552e-06
9.2064235676356314e-06
9.2621283768480725e-06
9.3046611067239449e-06
9.3286930017777173e-06
9.3409492362778582e-06
9.3244782701351157e-06
9.2891933407102531e-06
9.2150816323933574e-06
9.1674137763467606e-06
9.0930745614363649e-06
9.0289249798526362e-06
8.9418778345081594e-06
8.8272696268995531e-06
8.7079665326513891e-06
8.6049740770003791e-06
8.5048579747383407e-06
8.4518299712549896e-06
8.4503150190899157e-06
8.4657304987208576e-06
8.4942964252596963e-06
8.5337714820885311e-06
8.5813415077450208e-06
8.6374047154304451e-06
8.7124246330801502e-06
8.7862268496355544e-06
8.8205323559059689e-06
8.8194396723912290e-06
8.7833021815622694e-06
8.7123314841707693e-06
8.6124124789419325e-06
8.4930581708832831e-06
8.3618884187827767e-06
8.2497454658717952e-06
8.1703165497881194e-06
8.0940050725742889e-06
8.0241554635544018e-06
7.9834508352811874e-06
7.9682754118346877e-06
7.9758841865886059e-06
7.9932207956617167e-06
8.0181552547734303e-06
8.0385771800575493e-06
8.0403610572330897e-06
8.0246306061994708e-06
7.9854865495100971e-06
7.9249035550031692e-06
7.8480336805924405e-06
7.7631668895836499e-06
7.6738094945317944e-06
7.6292999206921433e-06
7.5698764127859963e-06
7.4985337557099780e-06
7.4077305343368924e-06
7.3184011441649072e-06
7.2316182402228862e-06
7.1567679070937559e-06
7.1045352149529751e-06
7.0665337828949614e-06
7.0473218903684770e-06
7.0305449578613522e-06
7.0119843602298280e-06
6.9908893494367807e-06
6.9585418567826616e-06
6.9159642597484811e-06
6.8589714952487993e-06
6.8032726140157249e-06
6.7465571858652246e-06
6.7048153194787819e-06
6.7004231337323669e-06
6.7341431462805433e-06
6.7982865215161551e-06
6.8960924008277395e-06
7.0096648265309415e-06
7.1279813152835717e-06
7.2411345266370510e-06
7.3328824312948480e-06
7.3871537269783555e-06
7.4332034553180234e-06
7.4793036621672751e-06
7.5268939555213395e-06
7.5868984307823965e-06
7.6366481009629903e-06
7.6942694561646542e-06
7.7529693920467504e-06
7.8202773919264314e-06
7.8875710490816404e-06
7.9485642725507421e-06
8.0101996540486135e-06
8.0663350118461319e-06
8.1033232552383019e-06
8.1450959560222375e-06
8.1872176432525682e-06
8.2229958708634776e-06
8.2479109943443029e-06
8.2570096413282028e-06
8.2641828727627372e-06
8.2698624642385867e-06
8.2737442505117497e-06
8.2845230902105942e-06
8.2981681634687703e-06
8.3127250480388986e-06
8.3261963083338781e-06
8.3413222752171179e-06
8.3534192951310366e-06
8.3612986328290047e-06
8.3617940026449353e-06
8.3467845244888664e-06
8.3088048390625808e-06
8.2504367609111264e-06
8.1718519509430713e-06
8.0800060134737331e-06
7.9798839272712058e-06
7.8738573294489027e-06
7.7590190876315012e-06
7.6406665269516477e-06
7.5354736106671163e-06
7.4426546140203032e-06
7.3605889880379782e-06
7.2906998038347338e-06
7.2220666838408439e-06
7.1460716143903397e-06
7.0696212688062082e-06
6.9829297362591556e-06
6.8890266081968729e-06
6.7922927855312317e-06
6.7001523925187619e-06
6.6112539427428840e-06
6.5266134729412756e-06
6.4547824525477863e-06
6.3866250548488138e-06
6.3144494945718678e-06
6.2374815800833113e-06
6.1475554837769848e-06
6.0392121508702823e-06
5.9201116933133016e-06
5.8089774977959948e-06
5.7127597073294249e-06
5.6524672898089943e-06
5.6390969759877637e-06
5.6698394979490267e-06
5.7322323614992521e-06
5.8132478562168223e-06
5.9208306918506148e-06
6.0490825225214091e-06
6.1913405672235699e-06
6.3299849723553173e-06
6.4505907749606323e-06
6.5514702748883769e-06
6.6339906113304033e-06
6.6915054991779116e-06
6.7229974377953298e-06
6.7303947637690955e-06
6.7038207583464181e-06
6.6438083332769403e-06
6.5533663971897216e-06
6.4474788165834997e-06
6.3237221778414633e-06
6.1865734781179035e-06
6.0374032440766001e-06
5.8859575114217349e-06
5.7413889251132552e-06
5.6006041549350776e-06
5.4656759598871397e-06
5.3307901673070963e-06
5.2035237596052971e-06
5.0992091221770029e-06
5.0018192386835639e-06
4.9096281709138129e-06
4.8283584576887299e-06
4.7438263757037394e-06
4.6558385423045844e-06
4.5581905452225102e-06
4.4581590084485678e-06
4.3614464664033462e-06
4.2689262628738141e-06
4.1745294426816153e-06
4.0793161997903445e-06
3.9837444662021993e-06
3.8881536791295500e-06
3.7859761703843276e-06
3.6677736394045443e-06
3.5415944267813934e-06
3.4091998241020447e-06
3.2777003865707680e-06
3.1461211575089497e-06
3.0161972376481861e-06
2.8877201382898516e-06
2.8045443350504404e-06
2.7537690378414438e-06
2.7127599489707888e-06
2.6685614792124709e-06
2.6238431381101149e-06
2.5766150509608202e-06
2.5163302905689464e-06
2.4420960366379940e-06
2.3563243887600856e-06
2.2525876807510845e-06
2.1403473974173483e-06
2.0284439393100159e-06
1.9324102856896651e-06
1.8514285198996589e-06
1.7763483288461300e-06
1.7084388958123192e-06
1.6410545845824582e-06
1.6013478302605896e-06
1.6146325041455367e-06
1.6545790018403407e-06
1.7117235179514060e-06
1.7834816815577230e-06
1.8751744295227228e-06
1.9683689631494787e-06
2.0730079473183646e-06
2.1834378330222126e-06
2.2951478175486414e-06
2.4032861310142057e-06
2.4901686380754379e-06
2.5327287489116366e-06
2.5293266423379517e-06
2.4906741967163401e-06
2.4219619836488430e-06
2.3453547230694493e-06
2.2578669090741841e-06
2.1638768991187306e-06
2.0544361415889944e-06
1.9586570384630286e-06
1.9120406082991013e-06
1.8985411463411466e-06
1.9074266268779437e-06
1.9220404102037494e-06
1.9416588674201270e-06
1.9900625474610383e-06
2.0625107105464589e-06
2.1567872501290298e-06
2.2660484964286331e-06
2.3809462736132472e-06
2.5074905621975869e-06
2.6255319441204654e-06
2.6924457606999226e-06
2.7270779838809617e-06
2.7252319858526268e-06
2.6835729629341249e-06
2.5981103970370027e-06
2.4982154747655853e-06
2.4118289267475727e-06
2.3405903325877428e-06
2.2904309405882704e-06
2.2574953810284104e-06
2.2302762839784731e-06
2.1860903241785700e-06
2.1106078761387520e-06
2.0115816819600545e-06
1.9043318790370613e-06
1.7932024366414851e-06
1.6602351429226937e-06
1.5171239866112938e-06
1.3701149211309596e-06
1.2201361879420705e-06
1.0793612365767151e-06
9.3670948542304654e-07
7.9593607632728228e-07
6.7762230974510091e-07
5.7660473112590353e-07
4.9561579029356263e-07
4.3682123759376883e-07
3.9673130507117237e-07
3.7487268729202364e-07
3.6973979499695441e-07
3.8812605517651336e-07
4.3400379794544616e-07
5.1195412509918391e-07
5.9635575214535914e-07
6.3938430764158278e-07
6.4185195275202479e-07
6.1237907507033239e-07
5.5339935198040881e-07
4.6242486609223014e-07
3.4208172624237156e-07
2.1186042826981203e-07
1.0731548395272196e-07
4.2002065522638253e-08
1.3912226538991642e-08
1.5291131318630647e-08
3.6535833306316998e-08
6.3404912624802937e-08
8.2409749002816528e-08
8.0567041708198714e-08
6.0945556509307292e-08
3.1545816302068391e-08
2.5875772159624570e-08
6.4683859326741340e-09
-1.8936478155883849e-08
7.4560636107742879e-10
5.5913326420184488e-08
1.2801451913098634e-07
2.1167100103812076e-07
3.2220348785301973e-07
4.1074705974787818e-07
4.6773710433614482e-07
3.7832010165068728e-07
2.4742891137480864e-07
1.5495818466392728e-07
7.2523720535281490e-08
1.4686633337186679e-08
-3.0572292015040378e-08
-7.1547067862365054e-08
-1.3242339034001727e-07
-2.1716466173415187e-07
-3.2684043508294122e-07
-4.6154763189363033e-07
-6.0295497214911297e-07
-7.4828704364124778e-07
-8.9355420872467662e-07
-1.0321317946149050e-06
-1.1639500451730875e-06
-1.2845651870078696e-06
-1.3909421426024144e-06
-1.4839035895226762e-06
-1.5763981223317854e-06
-1.6888572805897324e-06
-1.7887527623894193e-06
-1.8629094906508678e-06
-1.9000934666909998e-06
-1.9134372995753476e-06
-1.9278985847963242e-06
-1.9424394604517250e-06
-1.9595287574958752e-06
-1.9854311059565320e-06
-2.0197926592464576e-06
-2.0625310031050483e-06
-2.1205430860821894e-06
-2.1814685081625752e-06
-2.2230605459360877e-06
-2.2346637207908282e-06
-2.2131491395839421e-06
-2.1678702627082842e-06
-2.1186609499085007e-06
-2.0575274475684929e-06
-1.9798305100250379e-06
-1.8964669702645337e-06
-1.8145868368502350e-06
-1.7344966781143430e-06
-1.6583070124473576e-06
-1.5794450351019030e-06
-1.4966988875209830e-06
-1.4092952377294182e-06
-1.3169557453460023e-06
-1.2302688648572658e-06
-1.1388798819492808e-06
-1.0150100922986752e-06
-8.8185236113128954e-07
-7.4645806071054352e-07
-6.1292745172475955e-07
-4.7720137383233551e-07
-3.4042717646107165e-07
-2.1290085234032482e-07
-9.8306837317959253e-08
-5.9960514332952971e-09
8.8625872417089520e-08
1.9468945385086422e-07
3.1118070153166205e-07
4.1826555282860194e-07
5.1070999400601084e-07
5.4287410946401960e-07
5.2406849959577096e-07
4.7891110505214772e-07
4.2179474116722041e-07
3.4617723933862655e-07
2.5550141758776594e-07
1.4585167718833240e-07
2.0180912137224002e-08
-1.1754484563318479e-07
-2.5373917575542736e-07
-3.8287322134133366e-07
-4.9924977704752412e-07
-5.9912553003771306e-07
-6.7191085601469186e-07
-7.1827156209410519e-07
-7.2361760881619647e-07
-6.8829489005740070e-07
-6.1709576351292437e-07
-5.7778863967136178e-07
-5.8348522935013112e-07
-6.1186503989786079e-07
-6.2803010957430191e-07
-6.4823356560320741e-07
-7.0194574661800502e-07
-7.7449543905096346e-07
-8.4733716064927843e-07
-9.1063066997352502e-07
-9.6349787656585601e-07
-9.9482285674288569e-07
-1.0059830476628247e-06
-9.9043327271493908e-07
-9.5118738017286445e-07
-9.0170790427435753e-07
-8.5284138626273946e-07
-8.0831921700979498e-07
-7.6301113060206601e-07
-7.0552882237648116e-07
-6.3075042052850239e-07
-5.3704465185920437e-07
-4.2312892484508754e-07
-2.8968799090588041e-07
-1.4022581422367958e-07
1.9117874528820446e-08
1.7779044523345571e-07
3.2357172631721288e-07
4.6622327760019561e-07
6.1045557465079999e-07
7.5649750374184397e-07
8.9301486453419487e-07
1.0331022385386710e-06
1.1739139857812804e-06
1.2983531002863110e-06
1.4075909928763244e-06
1.4930543679064315e-06
1.5543391069863958e-06
1.5756542848906617e-06
1.5797996863288758e-06
1.6051399990442126e-06
1.6374996986669573e-06
1.6830533754116048e-06
1.7358377194986236e-06
1.8006388020336608e-06
1.8772808981037031e-06
1.9743240447593700e-06
2.0803378957225349e-06
2.2081633221193427e-06
2.3342110895441623e-06
2.4253547555921751e-06
2.4889354274103835e-06
2.5232888393320593e-06
2.5306156479740791e-06
2.5168956589465497e-06
2.4836094100601333e-06
2.4291608632526449e-06
2.3656205801836731e-06
2.2905887020859917e-06
2.2001243645028405e-06
2.1258038323916875e-06
2.0659287305558673e-06
1.9898166422749655e-06
1.8936370886740185e-06
1.7864294360844655e-06
1.6683675112134358e-06
1.5257347422426244e-06
1.3622882347413365e-06
1.1971886845515245e-06
1.0294943972359550e-06
8.5427609442772561e-07
6.7423788633873148e-07
5.0334623163153051e-07
3.5578765088705053e-07
2.2941664514049646e-07
1.1044433759812313e-07
-1.0928031513678820e-08
-1.2831763681232413e-07
-2.5046161204376339e-07
-3.4968456831691282e-07
-4.2836068736325189e-07
-4.9363258666294248e-07
-5.4107002843268085e-07
-5.7800114408559049e-07
-6.0921017757770113e-07
-6.3180398453833685e-07
-6.4743997892714321e-07
-6.6165484714207829e-07
-6.7277374323637935e-07
-6.9026767971245831e-07
-7.3439403172642335e-07
-8.0676593799000316e-07
-8.9885393620124186e-07
-1.0045902343474504e-06
-1.1190955261746536e-06
-1.2359504795265156e-06
-1.3514375917065997e-06
-1.4717044835797666e-06
-1.6057372838053542e-06
-1.7596667198268259e-06
-1.9308808196918751e-06
-2.1142810277305614e-06
-2.2867850829112285e-06
-2.4092304859851058e-06
-2.5242249696396002e-06
-2.6331799338216656e-06
-2.7085312860644988e-06
-2.7461286076615937e-06
-2.7483274859591340e-06
-2.7247560365804436e-06
-2.6953932819217372e-06
-2.6697746321782887e-06
-2.6511775621077933e-06
-2.6474021586772277e-06
-2.6732214169423676e-06
-2.7411138404673082e-06
-2.8477063075661102e-06
-2.9771167349396130e-06
-3.1210277342223858e-06
-3.2496319182759906e-06
-3.3596954102846461e-06
-3.4590803344074293e-06
-3.5831344665845890e-06
-3.7089435957758369e-06
-3.8165345639730316e-06
-3.9080091569270025e-06
-3.9897036636360857e-06
-4.0668670683143783e-06
-4.1156152199944475e-06
-4.1232799314187732e-06
-4.1017242101411957e-06
-4.0627256730500829e-06
-4.0144661183854334e-06
-3.9442464451146003e-06
-3.8528903197166874e-06
-3.7447490455192145e-06
-3.6235561299318852e-06
-3.4927417651936963e-06
-3.3609839941954569e-06
-3.2383840280891967e-06
-3.1428579784725722e-06
-3.0790516357227828e-06
-3.0520076677495011e-06
-3.0536243970163704e-06
-3.0384586375685882e-06
-3.0055982692505354e-06
-2.9516669962308433e-06
-2.8834167181962127e-06
-2.7970911459481770e-06
-2.6945450275178685e-06
-2.6175730262619741e-06
-2.5559684170783784e-06
-2.4924279640801889e-06
-2.4266184915410165e-06
-2.3468792194159580e-06
-2.2648800685301095e-06
-2.1886026065120696e-06
-2.1208982173514806e-06
-2.0540532943398111e-06
-1.9824380267199250e-06
-1.9192558836221166e-06
-1.8627400958545061e-06
-1.8086350859563110e-06
-1.7661691805314030e-06
-1.7514491623741532e-06
-1.7609402683746824e-06
-1.7947830324985736e-06
-1.8496465091230721e-06
-1.9236136209779130e-06
-2.0048059765176523e-06
-2.0665691105904872e-06
-2.1182436900165677e-06
-2.1598378125039783e-06
-2.1918715975409694e-06
-2.2091365645398571e-06
-2.2236641630676196e-06
-2.2414794255826620e-06
-2.2650373409370931e-06
-2.2946775840005288e-06
-2.3330106494975810e-06
-2.3956218197435514e-06
-2.4742342555169478e-06
-2.5680140191269846e-06
-2.6666116288528273e-06
-2.7639392640048336e-06
-2.8446350775918290e-06
-2.8966503074515884e-06
-2.9212591335338236e-06
-2.9278454838669048e-06
-2.9197215644031259e-06
-2.8928758410441302e-06
-2.8492127704012172e-06
-2.7953822464687778e-06
-2.7352269283409561e-06
-2.6791490367235841e-06
-2.6376555665808610e-06
-2.5865482263133149e-06
-2.5144586580771981e-06
-2.4172979318963692e-06
-2.3039957658566587e-06
-2.1825270341510390e-06
-2.0519253175549697e-06
-1.9161890288708947e-06
-1.7699223045353627e-06
-1.6201861469681410e-06
-1.4694175800140066e-06
-1.3187581371661149e-06
-1.1771200230964445e-06
-1.0778896964802778e-06
-1.0301731687088791e-06
-1.0276620497329740e-06
-1.0732356133839067e-06
-1.1467602963086740e-06
-1.2525646403812899e-06
-1.3874154260682089e-06
-1.5256127435571563e-06
-1.6722684539588162e-06
-1.8243257175465771e-06
-1.9820352121423338e-06
-2.1433557815786083e-06
-2.3240683119041715e-06
-2.5226210766659449e-06
-2.7282390077527028e-06
-2.9391354326370303e-06
-3.1541296056116926e-06
-3.3804053321540276e-06
-3.5758885272457631e-06
-3.7149628182831216e-06
-3.8369835901382119e-06
-3.9385004565638466e-06
-4.0167909351777957e-06
-4.0850076545341143e-06
-4.1564686653756694e-06
-4.2318429050490567e-06
-4.3023338145908202e-06
-4.3652763793025868e-06
-4.4321557444962259e-06
-4.5071857365935945e-06
-4.5877150207814099e-06
-4.6597818053931781e-06
-4.7130142222024025e-06
-4.7618543207676952e-06
-4.8140683551554575e-06
-4.8658980603390652e-06
-4.9360467171201836e-06
-5.0431303546669493e-06
-5.1592422683597409e-06
-5.2910242425663316e-06
-5.4168725596445343e-06
-5.5426439710109018e-06
-5.6533792856821420e-06
-5.7604625893900018e-06
-5.8671951615597457e-06
-5.9492908646484459e-06
-6.0228489889199138e-06
-6.0767252579425438e-06
-6.1058145766412891e-06
-6.1091897610609223e-06
-6.0912447541276993e-06
-6.0564681239295332e-06
-6.0189197931946009e-06
-5.9779207528617305e-06
-5.9458447075300999e-06
-5.9300568368929497e-06
-5.9258875753727934e-06
-5.9366700304139503e-06
-5.9469604485669205e-06
-5.9589177537873071e-06
-5.9954850196504463e-06
-6.0413699914576159e-06
-6.0592378295157917e-06
-6.0565575507335010e-06
-6.0524336143396670e-06
-6.0505607847073379e-06
-6.0335739016607901e-06
-6.0051334909727678e-06
-5.9668617688097099e-06
-5.9186481883528471e-06
-5.8716884528726778e-06
-5.8286830197859044e-06
-5.7761755136630069e-06
-5.7099321348613665e-06
-5.6338369541765650e-06
-5.5499807825025982e-06
-5.4740026035397826e-06
-5.4059571431078507e-06
-5.3281246843348677e-06
-5.2523912836765292e-06
-5.1782120103744741e-06
-5.0765668218427576e-06
-4.9715090875401718e-06
-4.8620556910490660e-06
-4.7417264373352217e-06
-4.6178581045421967e-06
-4.4948920375997372e-06
-4.3788118163597857e-06
-4.2740488544569604e-06
-4.1836526054916715e-06
-4.0931262074304009e-06
-4.0157910253493474e-06
-3.9776874602469117e-06
-3.9906555078314588e-06
-4.0170000634605603e-06
-4.0454627621536415e-06
-4.0750101478290517e-06
-4.1057644643309624e-06
-4.1701104154555854e-06
-4.2704611362602522e-06
-4.3632469256742533e-06
-4.4335942794236405e-06
-4.4787043737140764e-06
-4.5472581169084993e-06
-4.6503376616725682e-06
-4.7659166490370349e-06
-4.8507334715466649e-06
-4.9204410605304881e-06
-5.0088716385093381e-06
-5.0861758423259509e-06
-5.0305658946208734e-06
-4.9339171390318831e-06
-4.8615671693761284e-06
-4.7924209063397622e-06
-4.7328577579350820e-06
-4.6545468242094142e-06
-4.5559643150034130e-06
-4.4706646046452606e-06
-4.3868119391460508e-06
-4.3778839045696857e-06
-4.4462705431711723e-06
-4.5177346757129041e-06
-4.5863955436176770e-06
-4.6498958575361793e-06
-4.7029395018744602e-06
-4.7830344277060700e-06
-4.8660485566449479e-06
-4.9288204935921775e-06
-4.9683026405970148e-06
-4.9947304805169360e-06
-5.0150580467595346e-06
-5.0355344310327958e-06
-5.0241837516432268e-06
-4.9848730324507875e-06
-4.9881983543970997e-06
-5.0038940619332448e-06
-5.0385372131471732e-06
-5.0602368587130721e-06
-5.0711487774590849e-06
-5.1119889825052556e-06
-5.1578838666090429e-06
-5.1931836041329172e-06
-5.2162613003308072e-06
-5.2186660144265390e-06
-5.2005429594869746e-06
-5.1733833293013043e-06
-5.1394072176167701e-06
-5.1075303334468408e-06
-5.0695947316499726e-06
-5.0308240949929705e-06
-5.0265306891205979e-06
-5.0285906750287785e-06
-5.0253144364843456e-06
-5.0107691435119221e-06
-4.9817013479930386e-06
-4.9784022758557798e-06
-4.9989793105853951e-06
-5.0320473149421782e-06
-5.0998754115728593e-06
-5.1849750930303514e-06
-5.2812176682451157e-06
-5.3965735414711347e-06
-5.5413050917636101e-06
-5.6855649679204062e-06
-5.8157665633406354e-06
-5.9265777134844970e-06
-6.0245589658313916e-06
-6.1208695592440170e-06
-6.2312505686774309e-06
-6.3441602280650592e-06
-6.4411580616467237e-06
-6.5435496405337169e-06
-6.6433319022984041e-06
-6.7401450217261467e-06
-6.7925844124740163e-06
-6.8321974805026003e-06
-6.8617039389215223e-06
-6.8899062916669926e-06
-6.9202999204675641e-06
-6.9367849606680107e-06
-6.9480517039503433e-06

