0.001	7.4480e-10	4.51084e-11
0.002	5.1190e-10	5.90122e-11
0.004	3.2119e-10	2.45421e-11
0.01	1.6350e-10	4.42446e-12
0.02	1.0188e-10	4.41681e-12
0.04	6.811e-11	3.41509e-12
0.1	4.766e-11	1.03218e-12
0.2	4.268e-11	4.35292e-13
0.4	4.273e-11	3.53648e-13
1	4.789e-11	2.26554e-13
2	5.33e-11	1.62810e-13
4	5.40e-11	1.14035e-13
10	5.21e-11	9.25555e-14
20	4.95e-11	6.93988e-14
40	5.63e-11	6.39825e-14
100	9.4e-11	6.23363e-14
200	1.67e-10	5.36840e-14
400	2.97e-10	4.08015e-14
1000	6.0e-10
2000	1.08e-9
4000	1.9e-9
