Phase Difference (s)
-1.0530902210722732e-07
-1.0751175743064690e-07
-1.0942664193158745e-07
-1.1145020053661699e-07
-1.1421003792582850e-07
-1.1664934378792192e-07
-1.1907646158093022e-07
-1.2171995634153674e-07
-1.2376369405280715e-07
-1.2607996956569574e-07
-1.2831369365779201e-07
-1.3070067603576701e-07
-1.3257101665111643e-07
-1.3418298306383764e-07
-1.3810805588134339e-07
-1.4077037763301816e-07
-1.4278614068448269e-07
-1.4568580329306800e-07
-1.4797098610809525e-07
-1.5032989438948299e-07
-1.5233602818354740e-07
-1.5467770467591608e-07
-1.5721960111741847e-07
-1.5964282867036708e-07
-1.6162062664601764e-07
-1.6450390905773407e-07
-1.6713980710314774e-07
-1.6987772512762768e-07
-1.7243813534484825e-07
-1.7488903722007123e-07
-1.7723710354906729e-07
-1.7974550878037901e-07
-1.8184678226749656e-07
-1.8420946365837763e-07
-1.8666445171132276e-07
-1.8895398086176774e-07
-1.9072743958030057e-07
-1.9269794958861399e-07
-1.9563040102411599e-07
-1.9845335795230732e-07
-2.0008356916107833e-07
-2.0121514769529768e-07
-2.0381598134468035e-07
-2.0588205831455438e-07
-2.0874525307015315e-07
-2.1016429193827253e-07
-2.1227185381499735e-07
-2.1517449718860279e-07
-2.1760637698533102e-07
-2.2000182344359836e-07
-2.2179470768279903e-07
-2.2490017463808975e-07
-2.2713886723936309e-07
-2.2971099257632795e-07
-2.3230366723992878e-07
-2.3406988109036126e-07
-2.3669164100090737e-07
-2.3943835249243037e-07
-2.4309321131688200e-07
-2.4776565259293535e-07
-2.5065279296521421e-07
-2.5334223199575336e-07
-2.5524648061072378e-07
-2.5691387168187730e-07
-2.5893348015237612e-07
-2.6035058575556962e-07
-2.6170415440338695e-07
-2.6372925533798837e-07
-2.6573280386720354e-07
-2.6791609487341019e-07
-2.7016402191039398e-07
-2.7274884880821714e-07
-2.7425436767706247e-07
-2.7795815167652707e-07
-2.8052668066797681e-07
-2.8196022092179157e-07
-2.8428717705017542e-07
-2.8573685642048525e-07
-2.8738618562578637e-07
-2.8892276136212636e-07
-2.9087270321227860e-07
-2.9356564799133521e-07
-2.9610415481114892e-07
-2.9851280554157677e-07
-3.0039553629535448e-07
-3.0222382569055925e-07
-3.0549403324010195e-07
-3.0766784918280070e-07
-3.1014290906763994e-07
-3.1278786119836761e-07
-3.1533116751915544e-07
-3.1776169726101338e-07
-3.1996881520620637e-07
-3.2260112648164136e-07
-3.2574263178354319e-07
-3.2872777621080129e-07
-3.3144461914977859e-07
-3.3389478695609826e-07
-3.3636905375768743e-07
-3.3881632428192684e-07
-3.4087675944931277e-07
-3.4330584077950856e-07
-3.4591481024801515e-07
-3.4906002228631890e-07
-3.5105886459256125e-07
-3.5338701853847155e-07
-3.5541843363154885e-07
-3.5766813620105869e-07
-3.5950268369666205e-07
-3.6203980171826250e-07
-3.6507422551846082e-07
-3.6693093128959184e-07
-3.6915931456580123e-07
-3.7121823253667050e-07
-3.7452488265517244e-07
-3.7535235517823252e-07
-3.7749325421624854e-07
-3.8073683896942346e-07
-3.8324596940795535e-07
-3.8527682260116944e-07
-3.8714707679244665e-07
-3.8918672134404220e-07
-3.9447185691621745e-07
-3.9590380437872910e-07
-4.0036046529711514e-07
-4.0194729999284101e-07
-4.0847786330973167e-07
-4.1608834511973096e-07
-4.1822269521892046e-07
-4.2007678445539463e-07
-4.2250657812266013e-07
-4.2447334727483530e-07
-4.2693886099010420e-07
-4.2967456487665580e-07
-4.3160356782986157e-07
-4.3365050119189805e-07
-4.3491689327313190e-07
-4.3695997174425944e-07
-4.3960850690753687e-07
-4.4165765531857032e-07
-4.4336406723665587e-07
-4.4515109093810971e-07
-4.4757412403614534e-07
-4.4988893974903719e-07
-4.5153207234312565e-07
-4.5385633880563757e-07
-4.5580900144463965e-07
-4.5766927927073939e-07
-4.6019288084044405e-07
-4.6232674647773170e-07
-4.6409798000525363e-07
-4.6660231308811121e-07
-4.6835608481617064e-07
-4.7031289671744755e-07
-4.7278588166452601e-07
-4.7519034541707372e-07
-4.7719981176103551e-07
-4.7875978927989051e-07
-4.8196295818533408e-07
-4.8439769477144793e-07
-4.8638080576561153e-07
-4.8847401583543827e-07
-4.9057342878851395e-07
-4.9281314242554553e-07
-4.9519869941490012e-07
-4.9764349408945147e-07
-5.0026491142699776e-07
-5.0267773680529486e-07
-5.0495468205437313e-07
-5.0782163989801011e-07
-5.1058345826766597e-07
-5.1266767995232417e-07
-5.1554187724516061e-07
-5.1750792595839954e-07
-5.1928463213825176e-07
-5.2036530686660858e-07
-5.2219046931611545e-07
-5.2497227950657534e-07
-5.2747423498940633e-07
-5.2993765116604228e-07
-5.3205844526305665e-07
-5.3492729631652697e-07
-5.3759951543624281e-07
-5.4002238545841784e-07
-5.4199780189311813e-07
-5.4364020418178017e-07
-5.4583393341886296e-07
-5.4813770638389468e-07
-5.5072679307133560e-07
-5.5274678161816654e-07
-5.5520340249200158e-07
-5.5789912808389131e-07
-5.6049293759638899e-07
-5.6353654030871881e-07
-5.6588179281744553e-07
-5.6774071156929874e-07
-5.6913394206157164e-07
-5.7161104619402243e-07
-5.7378324331708912e-07
-5.7657816558385346e-07
-5.7964030124963999e-07
-5.8057123228228785e-07
-5.8236658833580002e-07
-5.8488926206244307e-07
-5.8620002828823037e-07
-5.8858964603165933e-07
-5.9027320923153052e-07
-5.9248168200793848e-07
-5.9435200344314396e-07
-5.9606311830117584e-07
-5.9846695861248324e-07
-6.0064244496869772e-07
-6.0365540447618980e-07
-6.0690802013917740e-07
-6.0928608537818079e-07
-6.1165915446904276e-07
-6.1419659391106664e-07
-6.1684309649462025e-07
-6.1857907727286998e-07
-6.2049808524614276e-07
-6.2266740848999884e-07
-6.2506155152292630e-07
-6.2726271929909335e-07
-6.2966930787334446e-07
-6.3235774149025832e-07
-6.3453919370449202e-07
-6.3603633527273128e-07
-6.3685119451635010e-07
-6.4272423788439434e-07
-6.4701218624932834e-07
-6.4844144177567729e-07
-6.5376047446639950e-07
-6.5574282299714470e-07
-6.5794780587235200e-07
-6.6004955485046534e-07
-6.6214513415189536e-07
-6.6510764736485372e-07
-6.6845216677302456e-07
-6.7144111997660561e-07
-6.7443555461788032e-07
-6.7717503675189074e-07
-6.8084923117379864e-07
-6.8337658870254372e-07
-6.8544856096199809e-07
-6.8766984236259138e-07
-6.8995978083794287e-07
-6.9297834013557119e-07
-6.9537652830280383e-07
-6.9792234606399522e-07
-7.0038388094377520e-07
-7.0304177289709238e-07
-7.0565369688534968e-07
-7.0740577458180785e-07
-7.1051797227579995e-07
-7.1390764477070749e-07
-7.1697221089963789e-07
-7.1685437295108644e-07
-7.1853674526564465e-07
-7.2131083530926084e-07
-7.2388980379782153e-07
-7.2585469241825161e-07
-7.2826962400941150e-07
-7.3036681825186032e-07
-7.3257757667758788e-07
-7.3518960645544512e-07
-7.3829881900083649e-07
-7.4052050552373021e-07
-7.4311281838450356e-07
-7.4557753223377858e-07
-7.4778224830738650e-07
-7.5016729452031072e-07
-7.5270179626568826e-07
-7.5491396355515164e-07
-7.5767213608911634e-07
-7.6009231443711548e-07
-7.6194945993996973e-07
-7.6428618183391006e-07
-7.6674522586997076e-07
-7.6960141370197088e-07
-7.7218167277520402e-07
-7.7451278368705601e-07
-7.7665254638603583e-07
-7.7907209196815015e-07
-7.8078477690959930e-07
-7.8287869676483313e-07
-7.8555718000775886e-07
-7.8727401819460375e-07
-7.8912131304541495e-07
-7.9150841708115296e-07
-7.9341747620942865e-07
-7.9548298177157252e-07
-7.9783644826722903e-07
-8.0003690880492960e-07
-8.0245199984307157e-07
-8.0602483802556810e-07
-8.0838132251794325e-07
-8.1094468586663258e-07
-8.1291994414720915e-07
-8.1515683448486363e-07
-8.1847660030758594e-07
-8.2181681791080069e-07
-8.2421213815899980e-07
-8.2673891219134535e-07
-8.2885346917813632e-07
-8.3138220926763323e-07
-8.3349811565192535e-07
-8.3584967858611695e-07
-8.3815329778450007e-07
-8.4067219914906436e-07
-8.4305074076942499e-07
-8.4538210588992763e-07
-8.4788586526005652e-07
-8.5038215669821075e-07
-8.5368951687770502e-07
-8.5659365966838010e-07
-8.5886890397965332e-07
-8.6127119964515296e-07
-8.6359635038529006e-07
-8.6639411892800996e-07
-8.6791281894797799e-07
-8.7022760160734339e-07
-8.7267943971779359e-07
-8.7511092164520682e-07
-8.7742666279917083e-07
-8.7972353492377090e-07
-8.8158993086805298e-07
-8.8401335047099729e-07
-8.8649940905812285e-07
-8.8846060487418848e-07
-8.9071720869048163e-07
-8.9312136369429455e-07
-8.9563241083165177e-07
-8.9810623357864959e-07
-9.0059897216653799e-07
-9.0286921905590366e-07
-9.0526624000386869e-07
-9.0738413840501764e-07
-9.0960972608265651e-07
-9.1215278694611353e-07
-9.1461794302916998e-07
-9.1687048237443222e-07
-9.1916757081559174e-07
-9.2139440297746575e-07
-9.2370988972517087e-07
-9.2615560377703416e-07
-9.2854751645115895e-07
-9.3068755221388502e-07
-9.3283052722623146e-07
-9.3505353407376456e-07
-9.3815436543880343e-07
-9.4083173173163039e-07
-9.4312949610055030e-07
-9.4547099512508931e-07
-9.4766360939963202e-07
-9.4959689196410034e-07
-9.5206974965803493e-07
-9.5464473432974611e-07
-9.5694283087698386e-07
-9.5951960129194890e-07
-9.6184034294446827e-07
-9.6394715029766700e-07
-9.6577664678558083e-07
-9.6844140327785906e-07
-9.7117293952456655e-07
-9.7398304512040438e-07
-9.7603688009466420e-07
-9.7860413957193414e-07
-9.8105870153290826e-07
-9.8353574509310750e-07
-9.8612966069169302e-07
-9.8915394187576101e-07
-9.9201098381518569e-07
-9.9458462646822065e-07
-9.9712870082660768e-07
-9.9946013020089305e-07
-1.0015076799265819e-06
-1.0018409304040526e-06
-1.0028786231553990e-06
-1.0056731590365333e-06
-1.0071415334805864e-06
-1.0092259838760363e-06
-1.0114586260263618e-06
-1.0135790580263325e-06
-1.0160534204107533e-06
-1.0185331897543071e-06
-1.0208343254875794e-06
-1.0232456773800527e-06
-1.0248701684738558e-06
-1.0269724150236660e-06
-1.0298671096273593e-06
-1.0320959607115602e-06
-1.0346522220460351e-06
-1.0362974215415971e-06
-1.0384380619426568e-06
-1.0407288241730795e-06
-1.0428290290956912e-06
-1.0449146190450195e-06
-1.0477126883271328e-06
-1.0501143830046910e-06
-1.0521757957478259e-06
-1.0541389066022028e-06
-1.0563394591916258e-06
-1.0588009863713264e-06
-1.0614293755215096e-06
-1.0636371285301434e-06
-1.0657308028517932e-06
-1.0680676753668527e-06
-1.0703460484691335e-06
-1.0721694247152453e-06
-1.0744874074574869e-06
-1.0771094267585548e-06
-1.0792724656872069e-06
-1.0820687379041157e-06
-1.0840704868539026e-06
-1.0864297162500406e-06
-1.0887425845334768e-06
-1.0911093263571999e-06
-1.0932424583600651e-06
-1.0958502891014484e-06
-1.0987864489714324e-06
-1.1011397340435445e-06
-1.1033544632809672e-06
-1.1057958197083277e-06
-1.1087132351208050e-06
-1.1107983176902234e-06
-1.1132820289509256e-06
-1.1148038724270977e-06
-1.1155575486625597e-06
-1.1179081343943148e-06
-1.1203513166536006e-06
-1.1222725572471161e-06
-1.1248355429161070e-06
-1.1271008236536692e-06
-1.1289995445905920e-06
-1.1305756802357959e-06
-1.1335609972222586e-06
-1.1325835607387621e-06
-1.1325981114804744e-06
-1.1351144997183902e-06
-1.1375982054969003e-06
-1.1403459674307274e-06
-1.1422935411096169e-06
-1.1447314960389094e-06
-1.1473811689433729e-06
-1.1490606163731106e-06
-1.1512274105013088e-06
-1.1535986513386585e-06
-1.1557342982991645e-06
-1.1582636587851785e-06
-1.1608649811419499e-06
-1.1631386615225451e-06
-1.1654955101097714e-06
-1.1679744993868306e-06
-1.1703285572001299e-06
-1.1728477380590869e-06
-1.1754975472916581e-06
-1.1779299650629811e-06
-1.1797886555086136e-06
-1.1817884263771162e-06
-1.1834015028278812e-06
-1.1868933023260216e-06
-1.1887365702583656e-06
-1.1912031282502989e-06
-1.1935880034820974e-06
-1.1969523862583230e-06
-1.1991182324064294e-06
-1.2022620072583743e-06
-1.2050420192155569e-06
-1.2069777158941341e-06
-1.2093282799760039e-06
-1.2113385858380146e-06
-1.2134893519395888e-06
-1.2158875739546409e-06
-1.2183328151732354e-06
-1.2210945123267333e-06
-1.2239650940595054e-06
-1.2262628285769458e-06
-1.2302697492426067e-06
-1.2329738605573057e-06
-1.2345413461165238e-06
-1.2368058042756676e-06
-1.2391765201908533e-06
-1.2413430470515998e-06
-1.2428563631881703e-06
-1.2449658068131431e-06
-1.2470609284203355e-06
-1.2497174534711349e-06
-1.2484034870854394e-06
-1.2494789231560660e-06
-1.2519971605032446e-06
-1.2541344821878684e-06
-1.2563573791001970e-06
-1.2578260445217228e-06
-1.2593317375071845e-06
-1.2613906495713699e-06
-1.2638361948687810e-06
-1.2674326637441105e-06
-1.2709079038891347e-06
-1.2731003270090556e-06
-1.2765506324904103e-06
-1.2807730466713045e-06
-1.2832081134069756e-06
-1.2852506690114774e-06
-1.2868578467493920e-06
-1.2884164734953986e-06
-1.2885713418259181e-06
-1.2905557876948868e-06
-1.2927113662015973e-06
-1.2951617095315335e-06
-1.2973904238847424e-06
-1.2995058090598348e-06
-1.3015090174890408e-06
-1.3035622646019313e-06
-1.3066684980852164e-06
-1.3096283763177603e-06
-1.3118821206210723e-06
-1.3141828810173647e-06
-1.3164044365749721e-06
-1.3190778120626516e-06
-1.3215875603822579e-06
-1.3235124378182622e-06
-1.3262790292386483e-06
-1.3283161267844324e-06
-1.3316668108044867e-06
-1.3343769503384753e-06
-1.3365553578132490e-06
-1.3390626973759847e-06
-1.3414482675067055e-06
-1.3436919303796600e-06
-1.3460920099860567e-06
-1.3485549908863356e-06
-1.3511438128219574e-06
-1.3538420876684290e-06
-1.3557161628924229e-06
-1.3573372242572484e-06
-1.3597210069964047e-06
-1.3621498905358015e-06
-1.3647609196336269e-06
-1.3668603583738026e-06
-1.3692941990550906e-06
-1.3706923068733965e-06
-1.3730758788435249e-06
-1.3754237156260020e-06
-1.3779687541426155e-06
-1.3806739578554426e-06
-1.3830494427352620e-06
-1.3855881991187191e-06
-1.3881356495459988e-06
-1.3903409917129563e-06
-1.3921721328305377e-06
-1.3941987721727085e-06
-1.3963012925246741e-06
-1.3984944705076113e-06
-1.3999980522013025e-06
-1.4018285334720190e-06
-1.4041443518938001e-06
-1.4061623040718985e-06
-1.4082626695879573e-06
-1.4106964870663707e-06
-1.4135625012518180e-06
-1.4160837119943042e-06
-1.4181799894924230e-06
-1.4200925371904411e-06
-1.4225330611508618e-06
-1.4240221743324325e-06
-1.4263474291920281e-06
-1.4287022477972935e-06
-1.4310202916574157e-06
-1.4330616599601364e-06
-1.4371615017342933e-06
-1.4419271654977584e-06
-1.4441760168076763e-06
-1.4470677002015602e-06
-1.4495636005539356e-06
-1.4521667095138181e-06
-1.4543586427275635e-06
-1.4577773867090265e-06
-1.4602603580300690e-06
-1.4626580725523931e-06
-1.4646567121955086e-06
-1.4671138302425376e-06
-1.4698188591718797e-06
-1.4721606461712072e-06
-1.4742541214644759e-06
-1.4768872516095378e-06
-1.4786575373287705e-06
-1.4810955101014209e-06
-1.4843575850124305e-06
-1.4857592083072573e-06
-1.4877757227293261e-06
-1.4898463389153947e-06
-1.4916687974208825e-06
-1.4944254008079564e-06
-1.4969026037689319e-06
-1.4995624732356528e-06
-1.5018357537836678e-06
-1.5034332854492883e-06
-1.5056583656901649e-06
-1.5080645765988110e-06
-1.5103097747934836e-06
-1.5132297216840269e-06
-1.5158539349115764e-06
-1.5179744288573914e-06
-1.5202695770962303e-06
-1.5229019730415918e-06
-1.5251002429526995e-06
-1.5274886090140843e-06
-1.5299028769454673e-06
-1.5322493998462544e-06
-1.5344835159706956e-06
-1.5364992307546009e-06
-1.5389899541899204e-06
-1.5414434772813465e-06
-1.5440300170948358e-06
-1.5467618523839290e-06
-1.5489322742149019e-06
-1.5510117155111197e-06
-1.5529510757189644e-06
-1.5552467646035042e-06
-1.5562848809410320e-06
-1.5585424191207505e-06
-1.5611338306920688e-06
-1.5635304252119999e-06
-1.5658570118670868e-06
-1.5680504232931057e-06
-1.5700595639476357e-06
-1.5721945649824413e-06
-1.5746401851926855e-06
-1.5770596088391372e-06
-1.5802817540588451e-06
-1.5834632252073012e-06
-1.5859430606079541e-06
-1.5882004500270710e-06
-1.5907093235471766e-06
-1.5929944692945508e-06
-1.5952391775272853e-06
-1.5975548814705559e-06
-1.5997307042084041e-06
-1.6023051735804195e-06
-1.6046302255184662e-06
-1.6067234783524674e-06
-1.6088369606690459e-06
-1.6113467498390139e-06
-1.6138471495676749e-06
-1.6166581007632978e-06
-1.6187467785004238e-06
-1.6209408251427718e-06
-1.6233877358436254e-06
-1.6257304685873777e-06
-1.6282959390311917e-06
-1.6307004382647188e-06
-1.6328385488748219e-06
-1.6353936322532694e-06
-1.6376299962873347e-06
-1.6402022360863976e-06
-1.6429404813701434e-06
-1.6452101189063289e-06
-1.6474869647829931e-06
-1.6502638924407623e-06
-1.6528094161944942e-06
-1.6552505816210855e-06
-1.6569139405456348e-06
-1.6592450613852456e-06
-1.6617415171959961e-06
-1.6643154417097570e-06
-1.6673610593238800e-06
-1.6694342103396514e-06
-1.6720186516958067e-06
-1.6742521634183534e-06
-1.6764954022999731e-06
-1.6783432124511172e-06
-1.6803366067392383e-06
-1.6822944206053302e-06
-1.6842076138249653e-06
-1.6869833317069253e-06
-1.6892009757605222e-06
-1.6919398005663576e-06
-1.6951020262904692e-06
-1.6964725663523900e-06
-1.6989040627598267e-06
-1.6988190393528863e-06
-1.7007108332556613e-06
-1.7028826611822094e-06
-1.7054634539381475e-06
-1.7075274473246278e-06
-1.7100231102051064e-06
-1.7107072586261768e-06
-1.7144755539200840e-06
-1.7070259401667634e-06
-1.7100044709419214e-06
-1.7180386357536268e-06
-1.7201551477450795e-06
-1.7206769874049512e-06
-1.7237586843824423e-06
-1.7251310025941636e-06
-1.7271413803677424e-06
-1.7295066149068747e-06
-1.7316490556993318e-06
-1.7336882595664007e-06
-1.7357072241118576e-06
-1.7391347308296796e-06
-1.7417613729041419e-06
-1.7442288179392043e-06
-1.7464613876175460e-06
-1.7484050485008694e-06
-1.7514130525950186e-06
-1.7547896182175523e-06
-1.7560103931012352e-06
-1.7573601960223010e-06
-1.7601924324045798e-06
-1.7627031203378062e-06
-1.7655087552362516e-06
-1.7681128666029622e-06
-1.7703055969525277e-06
-1.7725361738998779e-06
-1.7750548494214037e-06
-1.7792515581736279e-06
-1.7823457830980775e-06
-1.7849541579696400e-06
-1.7873415697017602e-06
-1.7886829202143173e-06
-1.7911622702844691e-06
-1.7928637379656392e-06
-1.7963919722005498e-06
-1.7986424466859216e-06
-1.8013498310772166e-06
-1.8043167701227157e-06
-1.8069187571295124e-06
-1.8092002528574572e-06
-1.8113452812570429e-06
-1.8143704209066725e-06
-1.8175756255837922e-06
-1.8202297328029714e-06
-1.8225485981907870e-06
-1.8247197849878844e-06
-1.8272902520280546e-06
-1.8294869734483645e-06
-1.8324078493326095e-06
-1.8361073138497136e-06
-1.8395221776630083e-06
-1.8424664515742016e-06
-1.8438235423973761e-06
-1.8459886086561428e-06
-1.8480589487053645e-06
-1.8500638348277206e-06
-1.8522166664902626e-06
-1.8542944330291737e-06
-1.8568150084487415e-06
-1.8592672694212453e-06
-1.8619712439362178e-06
-1.8653661055697170e-06
-1.8680428571407329e-06
-1.8690905921882573e-06
-1.8705519242861530e-06
-1.8735630232263519e-06
-1.8759247655165224e-06
-1.8780877142362771e-06
-1.8806921355223426e-06
-1.8831683744840722e-06
-1.8842960112722037e-06
-1.8854736517601416e-06
-1.8878912377248254e-06
-1.8896629034737037e-06
-1.8937675298553411e-06
-1.8965709427360299e-06
-1.8980793262322340e-06
-1.9005195368106891e-06
-1.9024933974570823e-06
-1.9047338136949373e-06
-1.9077675927367831e-06
-1.9101878201874723e-06
-1.9125984029696728e-06
-1.9153681267595659e-06
-1.9181002807427277e-06
-1.9224392435935314e-06
-1.9244542680184934e-06
-1.9266781819689494e-06
-1.9286628212761878e-06
-1.9313236198044885e-06
-1.9332060847069219e-06
-1.9351869094254087e-06
-1.9373787159866886e-06
-1.9400824964296552e-06
-1.9421909643778729e-06
-1.9446251524403675e-06

