Phase Difference (s)
5.8490790956108474e-08
5.9224936148696186e-08
5.9771597153486454e-08
5.9944292960822901e-08
6.0247444441009153e-08
6.0424205316935722e-08
6.0507173517382196e-08
6.0255409702346466e-08
5.9802366725381876e-08
5.9708575667592077e-08
5.9169985105275831e-08
5.9100228019367620e-08
5.8125646460484942e-08
5.7010429023926087e-08
5.6621162287562378e-08
5.7924870474082808e-08
5.7649668438878763e-08
5.7234793907102353e-08
5.7232122361950207e-08
5.7057955280268845e-08
5.6951353137135403e-08
5.7485955148813046e-08
5.8058285079622405e-08
5.8439060812916132e-08
5.8559242049898280e-08
5.8119313776701793e-08
5.8210605137985155e-08
5.8195560303878416e-08
5.7512166332874220e-08
5.7817148781028641e-08
5.7115486499390954e-08
5.5725347939606845e-08
5.4771308729359041e-08
5.4674293202153162e-08
5.5127088544506107e-08
5.5386210308980465e-08
5.5313581633918667e-08
5.4174270963716063e-08
5.3246359956876595e-08
5.3237899862828438e-08
5.3282308228404247e-08
5.3667176248265684e-08
5.4531603930829590e-08
5.4982875503797978e-08
5.5284276921092104e-08
5.5285599875860010e-08
5.5416940418235594e-08
5.5878295026905264e-08
5.6102480117580001e-08
5.6163282801825749e-08
5.7223953457850026e-08
5.7032334019041100e-08
5.6931320050831623e-08
5.7382184954935822e-08
5.6975629593846122e-08
5.6882885926788253e-08
5.7055575805332567e-08
5.7205828426996410e-08
5.6627007291820069e-08
5.6996303488611231e-08
5.6408513649057617e-08
5.6802377560742375e-08
5.6909419171015020e-08
5.7579798328368282e-08
5.7720187444631251e-08
5.7222347764145581e-08
5.6528401362945227e-08
5.6560082361851732e-08
5.5762777430815766e-08
5.5947063431054049e-08
5.6898571321078722e-08
5.7479064492262364e-08
5.7750152982178304e-08
5.8168723437419901e-08
5.8820937826309900e-08
5.8659258256175730e-08
5.8504617547966929e-08
5.8974321955684857e-08
5.9220731163701864e-08
5.8973677350036017e-08
5.8038210023145474e-08
5.7627229934924978e-08
5.8204017860690465e-08
5.9484407148314112e-08
5.9569077096084490e-08
5.9127180995492711e-08
5.7736202167692393e-08
5.8267156752524722e-08
5.8859939888294069e-08
5.8544941772862908e-08
5.9662723782929041e-08
6.0321000989391129e-08
5.9580760864166371e-08
5.9450268364353207e-08
5.8091149494994062e-08
5.8322239607552399e-08
5.8343015299070714e-08
5.6884621824602130e-08
5.7060976794470909e-08
5.8303183977227931e-08
5.9529854470339321e-08
6.0228571262468996e-08
5.9814660267017549e-08
5.8810690857347191e-08
5.8725366340822410e-08
5.8578358927023032e-08
5.8791057574029327e-08
5.9284579622437059e-08
5.7241579491804712e-08
5.6621463032549848e-08
5.6398684263287506e-08
5.5383766377729194e-08
5.6308861967071416e-08
5.7479396687303499e-08
5.8213178047107179e-08
5.7183209059802796e-08
5.5751433339856819e-08
5.5746838345491727e-08
5.5569757315560635e-08
5.6786139198211339e-08
5.7640894933253118e-08
5.8241070587316493e-08
5.7962389826677993e-08
5.8938272138721189e-08
5.9460831523367432e-08
5.9664981573932673e-08
5.8849089159263421e-08
5.9640431022829813e-08
6.0935000798745660e-08
6.1423891138040175e-08
6.1563580499250993e-08
6.2581271169695123e-08
6.2681662529409393e-08
6.3530429010221843e-08
6.4154096327624493e-08
6.4534067926299156e-08
6.3811192951970823e-08
6.3994414015277116e-08
6.3764410873083716e-08
6.4020991833714011e-08
6.3855530530552350e-08
6.3527193625723523e-08
6.3670189550642948e-08
6.4347868878732546e-08
6.4913044556358869e-08
7.0635684148844563e-08
7.1972514271730250e-08
7.1303514664065319e-08
7.0408013375760318e-08
7.0582156515164499e-08
7.0238433509698323e-08
6.9741778706819076e-08
7.0229341834805344e-08
7.0090551839609155e-08
6.9905437857550449e-08
6.9183758821100823e-08
6.8583150451592705e-08
6.8117749938706163e-08
6.7956225315469585e-08
6.7969382147001629e-08
6.7996813427994188e-08
6.7713377732860791e-08
6.8018485616665654e-08
6.8188559391829134e-08
6.8144907332659246e-08
6.8019294230405763e-08
6.7310152996824630e-08
6.6825766124954397e-08
6.7178604843656027e-08
6.7386853134299141e-08
6.7471218601548366e-08
6.7508561013462538e-08
6.7608614565465361e-08
6.7020725099045121e-08
6.6291877243984611e-08
6.6164416458737423e-08
6.6220930560339048e-08
6.5988559862589751e-08
6.5177412672706937e-08
6.4514774024707627e-08
6.4063550844829437e-08
6.3471503914100339e-08
6.3304500207824916e-08
6.3048352238962264e-08
6.3026137894056609e-08
6.3219590354332862e-08
6.3711486406660991e-08
6.2959941474169534e-08
6.3197272388915602e-08
6.2894178672149077e-08
6.2686632831162712e-08
6.2253610320011904e-08
6.2901166621077375e-08
6.2854219616793803e-08
6.2998938575799585e-08
6.3217913372164803e-08
6.4775769075571108e-08
6.4316893423366101e-08
6.4592819266080412e-08
6.5157010264360375e-08
6.5130843658197449e-08
6.4689812078189623e-08
6.4956287659531615e-08
6.5307436201998853e-08
6.5171260595440907e-08
6.4782689542731466e-08
6.4116450531143929e-08
6.4009406560885449e-08
6.3047707439445609e-08
6.2444985748887133e-08
6.2941932692655025e-08
6.3265220004950201e-08
6.3670679960151274e-08
6.3550316336239831e-08
6.2840202382992264e-08
6.2940652297891604e-08
6.3217473157572730e-08
6.3273782667890155e-08
6.3189685341127982e-08
6.2690812067978029e-08
6.2399364017633742e-08
6.1651322978661884e-08
6.1401131208257417e-08
6.1268886670768383e-08
6.1039112833568132e-08
6.1679961896130125e-08
6.1870420330633301e-08
6.1538069799285042e-08
6.1193726547020995e-08
6.0701216732805629e-08
6.0160731614223065e-08
5.9834057593133312e-08
5.9920228544754923e-08
5.9900919184462427e-08
5.9695844833958832e-08
5.9563659170281241e-08
6.0137022428491129e-08
6.0091830940963050e-08
6.0498193415366007e-08
6.0572035348040533e-08
6.1107306618561722e-08
6.1899426874617251e-08
6.2338854351173785e-08
6.2368121374720807e-08
6.2322078619158915e-08
6.2520190314072095e-08
6.2590585170233186e-08
6.1912882809019262e-08
6.1727272866353995e-08
6.1848969525503324e-08
6.1724500982943028e-08
6.1287021208287951e-08
6.0694828383304855e-08
6.0853804705371717e-08
6.1397601475124815e-08
6.1606054857739616e-08
6.1685483133623290e-08
6.2009235904525826e-08
6.2111380474765337e-08
6.1938922297894319e-08
6.1738405117952322e-08
6.1949259089693173e-08
6.1797592034258841e-08
6.1882936398285591e-08
6.1746691190552033e-08
6.2279963621917342e-08
6.2004595569027792e-08
6.2079802834203833e-08
6.2401514463774020e-08
6.2333673990676420e-08
6.2230496203047226e-08
6.1528799472121997e-08
6.1262523231329702e-08
6.0289175836585753e-08
6.0198622399323466e-08
5.9565438023863100e-08
5.9292713010848022e-08
5.8758189889204428e-08
5.8717483280750567e-08
5.8579623026364127e-08
5.8489947025827043e-08
5.7748723903099597e-08
5.7859134422170583e-08
5.8284980895325090e-08
5.8647486882604405e-08
5.8246483628188085e-08
5.8689807129100824e-08
5.9692043705145558e-08
5.9508467378962924e-08
5.9805471496272024e-08
6.0462695370303133e-08
6.0312242529642683e-08
6.0932677485279297e-08
6.0532946198514274e-08
5.9917423095183930e-08
5.9580135139974916e-08
6.0343113685137223e-08
6.0139633650313344e-08
6.0599429232612367e-08
6.1034975304581473e-08
6.1645514927118541e-08
6.2100549848245806e-08
6.2096228676962809e-08
6.2009279740032783e-08
6.1997625866741207e-08
6.1800624026633123e-08
6.2097274525695055e-08
6.2480260774201088e-08
6.2100525983507206e-08
6.1601575690876181e-08
6.1948858441559396e-08
6.2147129073774027e-08
6.1950878844999649e-08
6.2050181586755774e-08
6.1928135809429075e-08
6.1834694328620897e-08
6.1323749696981898e-08
6.1419233721785561e-08
6.1183234776564492e-08
6.0704164753456107e-08
6.0666506595511018e-08
6.1035188898660873e-08
6.1415869150679670e-08
6.1439317890500266e-08
6.1679220972915473e-08
6.1851093215769926e-08
6.1198054906854411e-08
6.1498631030529594e-08
6.1671210600331773e-08
6.1598104024960949e-08
6.1665721070713326e-08
6.1112768763870688e-08
6.0968861933829400e-08
6.0607627954492688e-08
6.0824649281580500e-08
6.1151287356756114e-08
6.1632052210438237e-08
6.2024514912882796e-08
6.2095280391842971e-08
6.1880564899899162e-08
6.2113982148945076e-08
6.1315742607823890e-08
6.1060779571091622e-08
6.0788135114929429e-08
6.0385941165617712e-08
6.0949417145028878e-08
6.1173213521435249e-08
6.1795860334896645e-08
6.2598539320468932e-08
6.1678528318385247e-08
6.1277636604967227e-08
6.1100625697966122e-08
6.0869533761312169e-08
6.0799387175542365e-08
6.1014165190027603e-08
6.1092934474750957e-08
6.0892134655462308e-08
6.0701554307292919e-08
6.0573732764817512e-08
6.0762731558644371e-08
6.0758107909546624e-08
5.9895280569751806e-08
5.9782651730382737e-08
6.0190214154021593e-08
6.0949201147878638e-08
6.1285489537687856e-08
6.1959367440842678e-08
6.1828183750977907e-08
6.1075207106507318e-08
6.0759149403304540e-08
6.0355364318333627e-08
6.0019401561721706e-08
5.9362130528851983e-08
5.9016441718564653e-08
5.8402463424363885e-08
5.8416986958999925e-08
5.9174832245161568e-08
5.8012710213832480e-08
5.7554897831568520e-08
5.7218985941900481e-08
5.7267268847613838e-08
5.7029510916247488e-08
5.6009308003031122e-08
5.5763869204179909e-08
5.5812199925024490e-08
5.6063866618778289e-08
5.6423951630753583e-08
5.6419895181864573e-08
5.6692459033996110e-08
5.6523628278789583e-08
5.6595858037223525e-08
5.6529858679316445e-08
5.6380130666973047e-08
5.6424944296372096e-08
5.8153093172487736e-08
5.7903891569407624e-08
5.7978340505364077e-08
5.7936926883648621e-08
5.7580768994373842e-08
5.7272877506304001e-08
5.7521518396619362e-08
5.8021416056551712e-08
5.7839852953466442e-08
5.7969270450231570e-08
5.7167921416386723e-08
5.6490225190020864e-08
5.6915674524820251e-08
5.6560400677424043e-08
5.6874938089684588e-08
5.8030012484724498e-08
5.9327900036992776e-08
5.8897798774274581e-08
5.8504663031443255e-08
5.8139956196209169e-08
5.7711580647812068e-08
5.7978803432362720e-08
5.8510569218330139e-08
5.9133243762856579e-08
5.9124987807094557e-08
5.8601717635626299e-08
5.7766050406651742e-08
5.8107955403021091e-08
5.8250913546645814e-08
5.7798348307800719e-08
5.7223387035405358e-08
5.7070522656332534e-08
5.8416965601766992e-08
5.9071423952617628e-08
5.9842755180075512e-08
6.0549837936597047e-08
6.1527037834909716e-08
6.1654104811578184e-08
6.1370135811434005e-08
6.1411709477497060e-08
6.2081273640963248e-08
6.1747921913157007e-08
6.1975423703335234e-08
6.1573638901186242e-08
6.1915127762159763e-08
6.1856251226616365e-08
6.1485379055183941e-08
6.2296194587372807e-08
6.2320398618793096e-08
6.1527798262339711e-08
6.1898452268418059e-08
6.2147525264560397e-08
6.2595049624037433e-08
6.2466134145261486e-08
6.1588486198040748e-08
6.2259515884687113e-08
6.2125481333548015e-08
6.1459764418166481e-08
6.0915050289230248e-08
6.1295478061380832e-08
6.2045837805727203e-08
6.2259814680601816e-08
6.2435008892567935e-08
6.2869742506826555e-08
6.2823757921014339e-08
6.1922797482776390e-08
6.1684610527362436e-08
6.1911092526204945e-08
6.1298873202630624e-08
6.1555860226030101e-08
6.1978632377815238e-08
6.2640750897793995e-08
6.1347481485058431e-08
6.1211734887796772e-08
6.1709435946038251e-08
6.1564156080996948e-08
6.2265302978631684e-08
6.2926923554981642e-08
6.3725686447698441e-08
6.2987191579148572e-08
6.3471820311498520e-08
6.3923751195527385e-08
6.4033665579878046e-08
6.5019451640301126e-08
6.5031556704644261e-08
6.5779700960145655e-08
6.4589629038485831e-08
6.4940969315974741e-08
6.4845567803101479e-08
6.4518042101495262e-08
6.4525596960123249e-08
6.3975285216288146e-08
6.1927180478474447e-08
6.2256617318708256e-08
6.2145961722039932e-08
6.2273791632856049e-08
6.2709812809827253e-08
6.2945106125656384e-08
6.2624414384394601e-08
6.2493479446486346e-08
6.2561867469285947e-08
6.2026331702307877e-08
6.2635458039196567e-08
6.2947850152690871e-08
6.2688783114595703e-08
6.2501705924911990e-08
6.2498684629505822e-08
6.2345927923741847e-08
6.2262011321722005e-08
6.2276574258122980e-08
6.2399305971828333e-08
6.2592123500229606e-08
6.2874401083086769e-08
6.3070375549249745e-08
6.2833689818269272e-08
6.2442983088256614e-08
6.2362949349616754e-08
6.2422219271916557e-08
6.1670058888914274e-08
6.2178108546761657e-08
6.2501559609215677e-08
6.2528812235941024e-08
6.3478245409811649e-08
6.4397690446517963e-08
6.4506093769914993e-08
6.4502264480803809e-08
6.4840030177890584e-08
6.5171314213116529e-08
6.5035464803389550e-08
6.5028205201861326e-08
6.5008740810233091e-08
6.4942791733038774e-08
6.5261560542095790e-08
6.5751636712574363e-08
6.5916292925952324e-08
6.6137976860662500e-08
6.7662344046198373e-08
6.8150500002685728e-08
6.8740818453480643e-08
6.9658118776812889e-08
7.0067480475052468e-08
7.0957240302988002e-08
7.1109655011774418e-08
7.1384584833965492e-08
7.1634791206618549e-08
7.2681067029387867e-08
7.2314052271123585e-08
7.3001862138219389e-08
7.2988012490426804e-08
7.2688460797193644e-08
7.1330629869130882e-08
7.0808348522991996e-08
7.0543704401920017e-08
7.0857515212944850e-08
7.1310137056840505e-08
7.1588824516867965e-08
7.2219027632064600e-08
7.3034562879480481e-08
7.2897704554779535e-08
7.2506749850781271e-08
7.1587417488703608e-08
7.0460662269492323e-08
7.1581469995567776e-08
7.1448131538181049e-08
7.0407317338477292e-08
7.0830055348008285e-08
7.2331211384156704e-08
7.1191220128187712e-08
7.0578429364080548e-08
7.0238724824614648e-08
6.9927788893833147e-08
6.9928679872942432e-08
7.0097500018787518e-08
6.9916266006706755e-08
6.9986402122274796e-08
6.9751718172054293e-08
6.9747445840101169e-08
6.9638743780537605e-08
6.9603848980328468e-08
7.0462633387094777e-08
7.0973647869990347e-08
7.2516686667210750e-08
7.4258061370041032e-08
7.5295499582934821e-08
7.5520168766485002e-08
7.5076030278361820e-08
7.4891863918757314e-08
7.3773495536491231e-08
7.3900204669813556e-08
7.3796665350981851e-08
7.3812439366095730e-08
7.4143211852098987e-08
7.4514264459889477e-08
7.4696894254179443e-08
7.4409336632965794e-08
7.4674035277004939e-08
7.5311537561524433e-08
7.5407700332136289e-08
7.5136675770980551e-08
7.5618581872573518e-08
7.5465522626227587e-08
7.5930300112942707e-08
7.5548917746660721e-08
7.5714813249007698e-08
7.6150806007725803e-08
7.5941632614079280e-08
7.5963758381478705e-08
7.6081439531529476e-08
7.6041684633974375e-08
7.5987070713082661e-08
7.5625424662211543e-08
7.6062027946941187e-08
7.6154635781127824e-08
7.7012479395848611e-08
7.7202369940798403e-08
7.7110830554027297e-08
7.7088999914957690e-08
7.6681705945399413e-08
7.6728303621147483e-08
7.6545135960832421e-08
7.6802143280848403e-08
7.7293692191936473e-08
7.6882471455791659e-08
7.7212867879529537e-08
7.7189348676814671e-08
7.6842998166417914e-08
7.7014977072025714e-08
7.7480450247278664e-08
7.8308284596311923e-08
7.8497815309414700e-08
7.7974022516559795e-08
7.7529886821701782e-08
7.6819634409771781e-08
7.7152795991438830e-08
7.8270710070468039e-08
7.8372908349993809e-08
7.8583930541488703e-08
7.8257918285023376e-08
7.8955235361171540e-08
7.9102406093317414e-08
7.9290400535572235e-08
7.9909311255354858e-08
8.0095411085473829e-08
7.8420820715222015e-08
7.8559132160334097e-08
7.8382213367675031e-08
7.8455737290135542e-08
7.8665602153366958e-08
7.9638473783981942e-08
8.0490142643306330e-08
8.0530486642180011e-08
8.0417260744006293e-08
8.0865708862361362e-08
8.0916925543252418e-08
8.0434207777833413e-08
7.9016782096557086e-08
7.8342892447510132e-08
7.8188491661356515e-08
7.8954895533071210e-08
7.8622232970918870e-08
7.8463711419883170e-08
7.7433452888100560e-08
7.7367354854490246e-08
7.7422909352945532e-08
7.7366309572799177e-08
7.7451282182026070e-08
7.7273684683216762e-08
7.7671395243600347e-08
7.7243338631586247e-08
7.6463606078326873e-08
7.6536204158315715e-08
7.7073541021360512e-08
7.6589369421624930e-08
7.6143081884928736e-08
7.5807030092337101e-08
7.5297579548455552e-08
7.5756127444985454e-08
7.5076380403806525e-08
7.5367813391737505e-08
7.6086105940657796e-08
7.5932234750044363e-08
7.6598967902487727e-08
7.7543404411562289e-08
7.6884623154448489e-08
7.7509578973953372e-08
7.6609251821527890e-08
7.5420940482370035e-08
7.6644054202125175e-08
7.6931519234020240e-08
7.6665256979181026e-08
7.6735234177383410e-08
7.7095545450642050e-08
7.7040731451409055e-08
7.7437009195758658e-08
7.8317530442121727e-08
7.8703500270896066e-08
7.8926795770870709e-08
7.8856743119745349e-08
7.8005785380111506e-08
7.7558978414122772e-08
7.7748278026037427e-08
7.7069737963605182e-08
7.7431067932019461e-08
7.6185772759954226e-08
7.5913082846085070e-08
7.5200018468747104e-08
7.4858880639400301e-08
7.5055735325503630e-08
7.5635143988285225e-08
7.5751569424422786e-08
7.6057453642987190e-08
7.6392658774983443e-08
7.6682960633128011e-08
7.6233017847329793e-08
7.5225172836130577e-08
7.3719844698898761e-08
7.2466913751685808e-08
7.3234676340351414e-08
7.2499826448162020e-08
7.2284529319352571e-08
7.2548937720717021e-08
7.2914682898356248e-08
7.2736153187836990e-08
7.2176262763451635e-08
7.2187697173324749e-08
7.2230686373921655e-08
7.2371549960290940e-08
7.2629078557423819e-08
7.2856270047513136e-08
7.2909152389735890e-08
7.3025890060162440e-08
7.3345426505220513e-08
7.3006936140327160e-08
7.2176568835166194e-08
7.2707249170145937e-08
7.2748933768081807e-08
7.3051920732721853e-08
7.2789685680475301e-08
7.2942798616167661e-08
7.2639327645240822e-08
7.2744883177794472e-08
7.2754281419087316e-08
7.2764618444179784e-08
7.2923504280220997e-08
7.3095063366419806e-08
7.3515746777773247e-08
7.3734375593394636e-08
7.4426608593011329e-08
7.3171575287044532e-08
7.3424190320482589e-08
7.2422814272197915e-08
7.2727209160653659e-08
7.2759166768027845e-08
7.8656846460224961e-08
8.1731592441143728e-08
8.1722741665994078e-08
8.2253868361332040e-08
8.1692992778611267e-08
8.1950833209242926e-08
8.1660760076523612e-08
8.2173503634596742e-08
8.2696039199793219e-08
8.2750052335801010e-08
8.2677869290743194e-08
8.2510312803914360e-08
8.2088049585028828e-08
8.1904856244661270e-08
8.2046024117336721e-08
8.2072478983691664e-08
8.2632591754975641e-08
8.2516395129162187e-08
8.2506854335816309e-08
8.2370496692625142e-08
8.2754725694327873e-08
8.2862190546267131e-08
8.2842149045129445e-08
8.3065996444711630e-08
8.3637967938647935e-08
8.3765853082980119e-08
8.4205794144797305e-08
8.4611020474929397e-08
8.5001516769091464e-08
8.5369452154685104e-08
8.5327042793907041e-08
8.4961325005462585e-08
8.5273281412557428e-08
8.5736097131599474e-08
8.6039172515030849e-08
8.6224651506715899e-08
8.6179831776874827e-08
8.5922484112491298e-08
8.5932790333414494e-08
8.5844369204523119e-08
8.4912613366962281e-08
8.4548333674693480e-08
8.4166261617623968e-08
8.4321393441403084e-08
8.4578422140015274e-08
8.4613959883954931e-08
8.4587895468739754e-08
8.4708983670746252e-08
8.4414923489262884e-08
8.4606733744279111e-08
8.3952727661544180e-08
8.3731945013294259e-08
8.3704268528098175e-08
8.3025042928536109e-08
8.3529199714540901e-08
8.3294705393081714e-08
8.4044576703508329e-08
8.4341524851730204e-08
8.4144903058779238e-08
8.4498506406701324e-08
8.5264316711115284e-08
8.5949431207124767e-08
8.6933677639004497e-08
8.7341154638702154e-08
8.7348916266219593e-08
8.7589332871939254e-08
8.7201216271133411e-08
8.7335717585199659e-08
8.7319467042303462e-08
8.7782548732376437e-08
8.7740583186241039e-08
8.7824591758560044e-08
8.8033826010041864e-08
8.8103267692030822e-08
8.7993652727492864e-08
8.6934268087705400e-08
8.6134093830197375e-08
8.6613570651017346e-08
8.5617386912534973e-08
8.5473137872960713e-08
8.5640703500770776e-08
8.5917115890654464e-08
8.5891208873555598e-08
8.5045176912948225e-08
8.4391691606260626e-08
8.3626823650903691e-08
8.2876687598299523e-08
8.2791950765171046e-08
8.2816028561124150e-08
8.2819776485936202e-08
8.2790398717507875e-08
8.3401145294790498e-08
8.2401084662894322e-08
8.2250944057845596e-08
8.2000320607278487e-08
8.1948765267568731e-08
8.1807236875676539e-08
8.2312876048643452e-08
8.2966447211132250e-08
8.4011474475174508e-08
8.3987378182993227e-08
8.4002242725727232e-08
8.4384605775985843e-08
8.4133848976733857e-08
8.3544141388126172e-08
8.3640425181474698e-08
8.3373697307473438e-08
8.2664519201103179e-08
8.2819397618326858e-08
8.2855357371848967e-08
8.3023581005147887e-08
8.3424045553981581e-08
8.4039422755487504e-08
8.4135271432611446e-08
8.5155695277561874e-08
8.4425756028557285e-08
8.3972801062193844e-08
8.4020642350065079e-08
8.4356952888424804e-08
8.4312067026345265e-08
8.5483188728957486e-08
8.6160150383622916e-08
8.6302607128602967e-08
8.6467390714378655e-08
8.6764015631719511e-08
8.7108236718281303e-08
8.7142233549099218e-08
8.7287463482475609e-08
8.7588812291176162e-08
8.8222150906822881e-08
8.8039884739574512e-08
8.8202302230714035e-08
8.8285290134616490e-08
8.8748832308674564e-08
8.8518887083290405e-08
8.8464802843673775e-08
8.8885585531528602e-08
8.9085591616820026e-08
8.8991904368102972e-08
8.8786359369629022e-08
8.9259161609646280e-08
8.9730553445551590e-08
8.9517171963180492e-08
8.9408950381938069e-08
8.9718404886746252e-08
9.0644899576724888e-08
9.1015802091772469e-08
9.0846568102411591e-08
9.0849301462703608e-08
9.0876815297390824e-08
9.1192466536791854e-08
9.1378887819108892e-08
9.1274947617778340e-08
9.1173645539451861e-08
9.1431082579954406e-08
9.1791762109697387e-08
9.1687260290326693e-08
9.2173674628821084e-08
9.2760193476402819e-08
9.3280417176476445e-08
9.3212352261108859e-08
9.2981213461448338e-08
9.2818942892656200e-08
9.3220986067404354e-08
9.3973919763952596e-08
9.5208908621407020e-08
9.5195444468236937e-08
9.5603623244878346e-08
9.5628630028445931e-08
9.6264084670614640e-08
9.6225353127839334e-08
9.6079511515816248e-08
9.4770121628882083e-08
9.4596132900710469e-08
9.4855955259850949e-08
9.4667903600215199e-08
9.4546900834625623e-08
9.5143360517281991e-08
9.4720867089968120e-08
9.4916525980386280e-08
9.5072613163885145e-08
9.5103006135626211e-08
9.5335293841547685e-08
9.5871547371499768e-08
9.5643674314390679e-08
9.5069940967784903e-08
9.5114191565718249e-08
9.4721077305323064e-08
9.4313973947410297e-08
9.4627211548516516e-08
9.4946868731114921e-08
9.5224178245190750e-08
9.5348895399348472e-08
9.5524619444560992e-08
9.5157085275821218e-08
9.4269427166607949e-08
9.4030375204679039e-08
9.3771190275477707e-08
9.3643590358022665e-08
9.3178766482752666e-08
9.3326942990752522e-08
9.3057908767580326e-08
9.2698221283566416e-08
9.2320694853909556e-08
9.1873170515079080e-08
9.1771793815291367e-08
9.3578235866242369e-08
9.3381754530702130e-08
9.3266612757891550e-08
9.3432763771467921e-08
9.3375770173377865e-08
9.2856681789325019e-08
9.2479761357928170e-08
9.1854621755207931e-08
9.1471960626906912e-08
9.1780192609803980e-08
9.1886444124383376e-08
9.1527814150600643e-08
9.1012125949727789e-08
9.1011572298671696e-08
9.1427375479494286e-08
9.1551681086536703e-08
9.0946363031379241e-08
9.1296276571901473e-08
9.1151915224831691e-08
9.1016255567033287e-08
9.0951399083813060e-08
9.0499630129614243e-08
9.0055174096455126e-08
9.0039847236384706e-08
9.0288681852572175e-08
9.0427609148495575e-08
9.0729280360313669e-08
9.0881214759440516e-08
9.1026816282715027e-08
9.0942892924571284e-08
9.0591374282234727e-08
9.0260814920701630e-08
9.0397113705420909e-08
9.0210982585996955e-08
8.9781642631096047e-08
8.8885839395327910e-08
8.8449081694466355e-08
8.7239570446950495e-08
8.7396832145942570e-08
8.6830705890851491e-08
8.6781594116194880e-08
8.6602518321260998e-08
8.6652300804369675e-08
8.6686361353954275e-08
8.6715901483645865e-08
8.6632531218530462e-08
8.6690095833833426e-08
8.6615825537697759e-08
8.6277777370783721e-08
8.6005164116072426e-08
8.6029286852908061e-08
8.6159549263286815e-08
8.6038064314910438e-08
8.5598455404560848e-08
8.5227910538026333e-08
8.5728111970158706e-08
8.5616470830295882e-08
8.6267432577691048e-08
8.6408889401094305e-08
8.6968953370627000e-08
8.6747017503845331e-08
8.6491593060096376e-08
8.6322559082897367e-08
8.6136436229837326e-08
8.6114134303042801e-08
8.5883044349850352e-08
8.6096348444827727e-08
8.5084062964313152e-08
8.4560860548186072e-08
8.5060487293941875e-08

