Phase Difference (s)
1.2110898566797631e-08
1.2593685226011312e-08
1.3304009349992327e-08
1.4088757751360506e-08
1.4238711333407251e-08
1.4549722080006382e-08
1.5032026595102059e-08
1.5480072662510559e-08
1.6081840583469120e-08
1.6417927344693591e-08
1.6693138807269509e-08
1.7172323968906420e-08
1.7130569736637464e-08
1.7343560238958098e-08
1.7822077735130644e-08
1.8119814335986051e-08
1.8521203076796844e-08
1.9542039661042723e-08
2.0379010303876848e-08
2.0052743187677671e-08
2.0598039817507727e-08
2.1031531929997328e-08
2.0428693537137181e-08
2.0464330822329089e-08
2.1627344177490622e-08
2.1826380343033784e-08
2.1952598685110287e-08
2.1794723448995167e-08
2.2428523889900916e-08
2.2950440563893125e-08
2.2566707649288866e-08
2.2621815765905848e-08
2.2652629491152490e-08
2.2843333672254463e-08
2.2989791534157885e-08
2.4899165993273668e-08
2.5967781010409311e-08
2.5800757887981954e-08
2.5299569054748127e-08
2.5290948551125870e-08
2.5395024037023623e-08
2.6179359791146178e-08
2.6344803096405689e-08
2.6166677215594070e-08
2.7181018406926744e-08
2.7344403169700417e-08
2.7621136378008990e-08
2.6899444797983702e-08
2.7221869609753017e-08
2.7416522071060204e-08
2.7855430631503983e-08
2.7935357142146518e-08
2.8321814606295153e-08
2.8163610982011996e-08
2.8413867683031185e-08
2.8599998797359449e-08
2.9164424407942342e-08
3.0012551470555381e-08
3.0228338386205770e-08
3.0998430980436728e-08
3.1566929655505491e-08
3.1936386170149516e-08
3.2228618754943043e-08
3.2769145297368985e-08
3.3297448562295080e-08
3.3248187129680246e-08
3.3429338332894566e-08
3.4124891528008726e-08
3.4880455727541356e-08
3.5558996688593323e-08
3.6021543058869405e-08
3.6338074832024180e-08
3.7187587136457980e-08
3.7456622085264025e-08
3.7834415923582183e-08
3.8038277592942431e-08
3.8348389660963964e-08
3.8923606354637056e-08
3.9295958511098903e-08
3.9486948724591276e-08
3.9655365251853654e-08
3.9928092553634626e-08
3.9835522901225401e-08
4.0098304552218138e-08
4.0089139483185760e-08
4.0271708378245340e-08
4.1335987755392194e-08
4.1848230815555124e-08
4.2212233411206298e-08
4.2966311812440855e-08
4.3454088749065628e-08
4.4280649985270758e-08
4.3966215906821374e-08
4.4517514612238140e-08
4.5068531333062385e-08
4.4993952343852671e-08
4.5112192491831576e-08
4.5500074916085840e-08
4.5759162259890161e-08
4.6169974216458893e-08
4.6157402923520635e-08
4.6141427775359868e-08
4.6266449962771734e-08
4.5941658836103614e-08
4.6482789032725186e-08
4.7280783573941953e-08
4.7722199555579401e-08
4.7876381545378214e-08
4.8093495442597262e-08
4.8377626244590681e-08
4.8508927861608155e-08
4.8923878623596584e-08
4.9096334200152402e-08
4.9401533547469999e-08
4.9706424210654591e-08
4.9572693802132122e-08
4.9871005392994682e-08
5.0635421465860241e-08
5.1507613623453015e-08
5.1840133934620388e-08
5.2089144280447696e-08
5.2426838771900488e-08
5.2474721670765092e-08
5.2884340007119267e-08
5.3488249264145854e-08
5.3697673789662870e-08
5.3722236340388599e-08
5.4032069333819664e-08
5.3959694049008588e-08
5.4656076040791480e-08
5.5120322523465015e-08
5.5672750952248930e-08
5.5982620637966386e-08
5.5958886461708754e-08
5.6325534320777169e-08
5.6888141228199300e-08
5.6613747070193450e-08
5.6171321847540069e-08
5.5717091269494803e-08
5.6186449547318609e-08
5.6634962818702268e-08
5.7150049820447407e-08
5.7450138468371222e-08
5.8316446903675861e-08
5.8072095024427999e-08
5.8360953685052485e-08
5.9134771073933485e-08
5.9822355004645296e-08
6.0092318432361557e-08
6.0089673216446441e-08
6.0148837407964071e-08
6.0593145906357496e-08
6.1400815340330532e-08
6.1599044861389066e-08
6.2320169389912264e-08
6.2847746498746935e-08
6.2980091774846839e-08
6.3599448769218462e-08
6.4004706072877129e-08
6.4228498686464052e-08
6.4920723586458379e-08
6.5501381984399448e-08
6.5864272670624235e-08
6.6242875050449351e-08
6.6922721457401540e-08
6.6955589852864358e-08
6.6762203954346206e-08
6.6988056095708194e-08
6.7409857696988529e-08
6.7996600699928234e-08
6.8164966635927956e-08
6.8299360370371897e-08
6.8891223145275130e-08
6.9329009117480946e-08
6.9667749619759530e-08
7.0003716315183062e-08
7.0357904380076676e-08
7.1055345913826859e-08
7.1567153766829800e-08
7.1802642386234976e-08
7.2413787422208785e-08
7.3114484686402437e-08
7.3190845788125833e-08
7.3105717131352190e-08
7.3358099306342729e-08
7.3389418367850703e-08
7.3651008646870001e-08
7.3833074664348521e-08
7.4516275730423651e-08
7.4742889508245752e-08
7.5023907940136973e-08
7.5007602109548880e-08
7.5449337635128446e-08
7.5645528446841137e-08
7.5842680268479828e-08
7.6641985009815859e-08
7.7447673515411328e-08
7.8048578951997420e-08
7.8480548512858307e-08
7.8767489982436504e-08
7.9136472353617243e-08
7.9500161494482382e-08
7.9545518605833832e-08
7.9660928518026191e-08
7.9762031450622510e-08
8.0209851564324058e-08
8.0383832821791683e-08
8.0529502867864929e-08
8.0695086973117881e-08
8.1076691194231679e-08
8.1108843963832717e-08
8.1272251253124360e-08
8.1493143623567567e-08
8.1661199088118372e-08
8.2028611814316701e-08
8.1911120879988997e-08
8.1904962161664496e-08
8.1953533620311536e-08
8.2045007152077900e-08
8.2303137382656941e-08
8.2646083993492389e-08
8.3429105715444575e-08
8.3920692446733642e-08
8.4405907090370357e-08
8.5089106749641790e-08
8.5513854607152535e-08
8.6881842690394115e-08
8.7717666376667357e-08
8.8309631930630969e-08
8.9285016721546313e-08
8.9653875059515208e-08
9.0521811354274506e-08
9.0998153862136846e-08
9.1223816600360361e-08
9.1527634070317572e-08
9.1934203051828679e-08
9.2171740508306943e-08
9.2571644821819379e-08
9.2611547163391670e-08
9.3303310640629360e-08
9.3808371758219913e-08
9.4190427413942459e-08
9.4457249179168459e-08
9.4738932070259534e-08
9.4806872221329599e-08
9.5229867794953372e-08
9.5175108946020458e-08
9.5061813377672342e-08
9.5608353270902089e-08
9.5667933269234745e-08
9.6041417844466421e-08
9.6564407299756924e-08
9.6864948713061079e-08
9.7094493017891252e-08
9.7677989822941301e-08
9.8032990944778437e-08
9.8237174890532156e-08
9.8908776452778124e-08
9.8726114953406266e-08
9.8582381461440251e-08
9.8779648705565589e-08
9.9324737087835182e-08
9.9454842616604498e-08
9.9598831223679524e-08
9.9946852294958386e-08
1.0032608157512501e-07
1.0073584173831753e-07
1.0090659658781897e-07
1.0077319383483611e-07
1.0132157545736716e-07
1.0164609911220883e-07
1.0321112474614994e-07
1.0464481930172944e-07
1.0454039323520619e-07
1.0500390397090393e-07
1.0518636319510968e-07
1.0562698666549421e-07
1.0581218929598733e-07
1.0597721534684115e-07
1.0603192014448924e-07
1.0613525158329383e-07
1.0671621711630024e-07
1.0673131351271534e-07
1.0693245235715355e-07
1.0719534221547883e-07
1.0745907355507685e-07
1.0792288025180263e-07
1.0831263904224912e-07
1.0836622322626261e-07
1.0842553067031667e-07
1.0855119223289000e-07
1.0886437024996217e-07
1.0930905962232108e-07
1.0984870175167277e-07
1.1019708099184455e-07
1.1027781280226357e-07
1.1092026683872565e-07
1.1138793676971059e-07
1.1143697778230157e-07
1.1122978016248646e-07
1.1155392058057865e-07
1.1203277279737701e-07
1.1228569649450595e-07
1.1265893907162416e-07
1.1289228015187013e-07
1.1303373929064015e-07
1.1296923072426502e-07
1.1341238503252101e-07
1.1366838018642958e-07
1.1387380552475660e-07
1.1416533235674704e-07
1.1447779326556023e-07
1.1494368812661031e-07
1.1549150609912481e-07
1.1549219512739719e-07
1.1601940010197136e-07

